  1.0000000E+00   7.1799319E-01   7.8713511E-02  -1.0185891E-01  -5.6232534E-01  -5.8501237E-01  -1.9248062E-01   2.1412704E-01   2.9105695E-01   1.7252449E-01   5.8833551E-03  -6.2811886E-02  -1.2332738E-02   1.2889842E-01   2.5606495E-01   3.0426361E-01   2.6438918E-01   1.4384702E-01  -4.9728188E-02  -3.0659120E-01  -5.5153108E-01  -6.1620272E-01  -5.6045069E-01  -5.1390499E-01   7.8818900E-02
  7.1799319E-01   1.0000000E+00   1.0564380E-01  -1.1594734E-01  -2.0375251E-03   3.2380494E-02   1.1244411E-01   7.3539178E-02   3.2227817E-02   3.1098953E-02   3.6023976E-02   3.7557003E-02   9.6378247E-02   2.1064145E-01   3.1517489E-01   3.5460011E-01   3.2910881E-01   2.0528029E-01  -5.2732687E-02  -3.9745413E-01  -7.3583903E-01  -8.4827269E-01  -7.9191935E-01  -7.3269066E-01   1.0574171E-01
  7.8713511E-02   1.0564380E-01   1.0000000E+00  -3.9104125E-01  -1.4780568E-02  -1.1738048E-02   4.3657127E-02   6.2880374E-02   2.3111121E-02  -3.0090845E-02  -3.1483865E-02   1.2424284E-02   6.4698825E-02   7.2742183E-02   5.0680260E-02   2.6514863E-02   3.4134899E-03  -9.0627350E-03  -9.6535281E-03   1.4390654E-03   3.6153148E-02   6.4209229E-02   6.2270726E-02   5.7037564E-02   9.9998006E-01
 -1.0185891E-01  -1.1594734E-01  -3.9104125E-01   1.0000000E+00   5.5525070E-03  -1.3977930E-02  -3.0855056E-02  -4.0338157E-02  -4.9113277E-02  -2.9753508E-02   1.3226158E-02   1.1432589E-02  -4.2799565E-02  -1.1309306E-01  -1.4019010E-01  -1.3006042E-01  -8.3384739E-02  -3.6848856E-02  -9.2768214E-03   8.5354064E-03  -3.5899315E-03  -1.8926719E-02  -2.3108087E-02  -2.1374104E-02  -3.9105927E-01
 -5.6232534E-01  -2.0375251E-03  -1.4780568E-02   5.5525070E-03   1.0000000E+00   8.9895287E-01  -7.3636224E-02  -6.6270021E-01  -5.8738572E-01  -1.0034686E-01   2.8502172E-01   3.4553347E-01   2.0690502E-01   2.1323123E-03  -1.1698087E-01  -1.3310232E-01  -7.5640569E-02  -5.2175360E-03   2.3120152E-02   4.0650471E-02   4.5487167E-02   2.6973093E-02   3.6913117E-03  -7.4881602E-03  -1.4838673E-02
 -5.8501237E-01   3.2380494E-02  -1.1738048E-02  -1.3977930E-02   8.9895287E-01   1.0000000E+00   2.8007567E-01  -5.4753640E-01  -6.9853620E-01  -3.1493661E-01   1.5304695E-01   3.2998502E-01   2.7107860E-01   9.0958716E-02  -5.2899999E-02  -1.1353076E-01  -8.6035656E-02  -2.1622707E-02   7.9042993E-03   2.0364107E-02   1.9408767E-02  -1.8058766E-03  -2.0711499E-02  -2.6085452E-02  -1.1797958E-02
 -1.9248062E-01   1.1244411E-01   4.3657127E-02  -3.0855056E-02  -7.3636224E-02   2.8007567E-01   1.0000000E+00   5.0532200E-01  -1.7991463E-01  -6.5210066E-01  -5.1480790E-01  -1.6118200E-01   1.5150870E-01   2.7954362E-01   2.3167716E-01   1.0543555E-01   4.6352275E-04  -4.1022649E-02  -5.6018360E-02  -6.3893429E-02  -7.6611687E-02  -9.1373721E-02  -9.0203146E-02  -8.0485160E-02   4.3586174E-02
  2.1412704E-01   7.3539178E-02   6.2880374E-02  -4.0338157E-02  -6.6270021E-01  -5.4753640E-01   5.0532200E-01   1.0000000E+00   6.6725258E-01  -2.1338909E-01  -6.9446631E-01  -6.0114007E-01  -2.1590483E-01   1.6060849E-01   3.0485197E-01   2.6252327E-01   1.3221697E-01   5.7047247E-03  -6.3102692E-02  -9.1095922E-02  -9.7314132E-02  -8.5074078E-02  -6.4609647E-02  -5.1060847E-02   6.2887126E-02
  2.9105695E-01   3.2227817E-02   2.3111121E-02  -4.9113277E-02  -5.8738572E-01  -6.9853620E-01  -1.7991463E-01   6.6725258E-01   1.0000000E+00   4.8693088E-01  -3.3922489E-01  -6.9638316E-01  -5.4749561E-01  -1.2522432E-01   1.8366445E-01   2.9245123E-01   2.3522353E-01   1.0213291E-01  -1.6310955E-03  -6.5539824E-02  -9.2025444E-02  -7.6301608E-02  -4.9861495E-02  -3.8664420E-02   2.3223936E-02
  1.7252449E-01   3.1098953E-02  -3.0090845E-02  -2.9753508E-02  -1.0034686E-01  -3.1493661E-01  -6.5210066E-01  -2.1338909E-01   4.8693088E-01   1.0000000E+00   5.6072200E-01  -1.7559035E-01  -6.1886511E-01  -5.3987282E-01  -2.0604396E-01   1.0354716E-01   2.6273689E-01   2.3827541E-01   1.1880390E-01   4.4359595E-03  -6.6548723E-02  -7.5702265E-02  -5.9218834E-02  -5.2605701E-02  -2.9953931E-02
  5.8833551E-03   3.6023976E-02  -3.1483865E-02   1.3226158E-02   2.8502172E-01   1.5304695E-01  -5.1480790E-01  -6.9446631E-01  -3.3922489E-01   5.6072200E-01   1.0000000E+00   6.3209999E-01  -1.1265525E-01  -5.9292924E-01  -5.5898372E-01  -2.5988369E-01   6.6841251E-02   2.2908933E-01   1.9787043E-01   1.0139147E-01   5.6337999E-03  -4.1615451E-02  -4.9097352E-02  -4.5961932E-02  -3.1502169E-02
 -6.2811886E-02   3.7557003E-02   1.2424284E-02   1.1432589E-02   3.4553347E-01   3.2998502E-01  -1.6118200E-01  -6.0114007E-01  -6.9638316E-01  -1.7559035E-01   6.3209999E-01   1.0000000E+00   6.1172379E-01  -1.6124393E-01  -5.7632497E-01  -5.5693659E-01  -2.7964964E-01   2.0924981E-02   1.7306957E-01   1.8306419E-01   9.8700805E-02   1.3758405E-02  -2.5243375E-02  -3.1725684E-02   1.2289303E-02
 -1.2332738E-02   9.6378247E-02   6.4698825E-02  -4.2799565E-02   2.0690502E-01   2.7107860E-01   1.5150870E-01  -2.1590483E-01  -5.4749561E-01  -6.1886511E-01  -1.1265525E-01   6.1172379E-01   1.0000000E+00   5.9086074E-01  -8.5911795E-02  -5.1083454E-01  -5.6085922E-01  -3.2018171E-01  -3.4771395E-02   1.0709013E-01   9.9204155E-02   3.1259425E-02  -1.7297268E-02  -3.1918566E-02   6.4590755E-02
  1.2889842E-01   2.1064145E-01   7.2742183E-02  -1.1309306E-01   2.1323123E-03   9.0958716E-02   2.7954362E-01   1.6060849E-01  -1.2522432E-01  -5.3987282E-01  -5.9292924E-01  -1.6124393E-01   5.9086074E-01   1.0000000E+00   6.7583148E-01   4.1324221E-02  -4.5058948E-01  -5.6047718E-01  -3.8532022E-01  -1.9402351E-01  -6.9828061E-02  -2.8868950E-02  -3.3661903E-02  -3.9565338E-02   7.2769489E-02
  2.5606495E-01   3.1517489E-01   5.0680260E-02  -1.4019010E-01  -1.1698087E-01  -5.2899999E-02   2.3167716E-01   3.0485197E-01   1.8366445E-01  -2.0604396E-01  -5.5898372E-01  -5.7632497E-01  -8.5911795E-02   6.7583148E-01   1.0000000E+00   6.9780945E-01   6.3739233E-02  -4.5041916E-01  -6.0188793E-01  -5.1289772E-01  -3.1795586E-01  -1.5985314E-01  -9.2812497E-02  -7.5961789E-02   5.0805697E-02
  3.0426361E-01   3.5460011E-01   2.6514863E-02  -1.3006042E-01  -1.3310232E-01  -1.1353076E-01   1.0543555E-01   2.6252327E-01   2.9245123E-01   1.0354716E-01  -2.5988369E-01  -5.5693659E-01  -5.1083454E-01   4.1324221E-02   6.9780945E-01   1.0000000E+00   6.9525336E-01   2.0941540E-02  -5.0650925E-01  -6.6807564E-01  -5.4044895E-01  -3.2583432E-01  -1.9281196E-01  -1.4869100E-01   2.6681149E-02
  2.6438918E-01   3.2910881E-01   3.4134899E-03  -8.3384739E-02  -7.5640569E-02  -8.6035656E-02   4.6352275E-04   1.3221697E-01   2.3522353E-01   2.6273689E-01   6.6841251E-02  -2.7964964E-01  -5.6085922E-01  -4.5058948E-01   6.3739233E-02   6.9525336E-01   1.0000000E+00   6.6693357E-01  -6.4363669E-03  -4.8950480E-01  -6.2754823E-01  -4.9780853E-01  -3.4710562E-01  -2.8127666E-01   3.5007274E-03
  1.4384702E-01   2.0528029E-01  -9.0627350E-03  -3.6848856E-02  -5.2175360E-03  -2.1622707E-02  -4.1022649E-02   5.7047247E-03   1.0213291E-01   2.3827541E-01   2.2908933E-01   2.0924981E-02  -3.2018171E-01  -5.6047718E-01  -4.5041916E-01   2.0941540E-02   6.6693357E-01   1.0000000E+00   6.8004597E-01   6.6760253E-02  -4.2533516E-01  -5.3980999E-01  -4.6093220E-01  -3.9955708E-01  -9.0439668E-03
 -4.9728188E-02  -5.2732687E-02  -9.6535281E-03  -9.2768214E-03   2.3120152E-02   7.9042993E-03  -5.6018360E-02  -6.3102692E-02  -1.6310955E-03   1.1880390E-01   1.9787043E-01   1.7306957E-01  -3.4771395E-02  -3.8532022E-01  -6.0188793E-01  -5.0650925E-01  -6.4363669E-03   6.8004597E-01   1.0000000E+00   7.1757418E-01   1.0621605E-01  -2.9010174E-01  -3.7686693E-01  -3.6574296E-01  -9.5872660E-03
 -3.0659120E-01  -3.9745413E-01   1.4390654E-03   8.5354064E-03   4.0650471E-02   2.0364107E-02  -6.3893429E-02  -9.1095922E-02  -6.5539824E-02   4.4359595E-03   1.0139147E-01   1.8306419E-01   1.0709013E-01  -1.9402351E-01  -5.1289772E-01  -6.6807564E-01  -4.8950480E-01   6.6760253E-02   7.1757418E-01   1.0000000E+00   7.0798863E-01   2.1932090E-01  -4.1734422E-02  -1.1128815E-01   1.5354336E-03
 -5.5153108E-01  -7.3583903E-01   3.6153148E-02  -3.5899315E-03   4.5487167E-02   1.9408767E-02  -7.6611687E-02  -9.7314132E-02  -9.2025444E-02  -6.6548723E-02   5.6337999E-03   9.8700805E-02   9.9204155E-02  -6.9828061E-02  -3.1795586E-01  -5.4044895E-01  -6.2754823E-01  -4.2533516E-01   1.0621605E-01   7.0798863E-01   1.0000000E+00   7.9404329E-01   5.0968086E-01   3.8265818E-01   3.6130427E-02
 -6.1620272E-01  -8.4827269E-01   6.4209229E-02  -1.8926719E-02   2.6973093E-02  -1.8058766E-03  -9.1373721E-02  -8.5074078E-02  -7.6301608E-02  -7.5702265E-02  -4.1615451E-02   1.3758405E-02   3.1259425E-02  -2.8868950E-02  -1.5985314E-01  -3.2583432E-01  -4.9780853E-01  -5.3980999E-01  -2.9010174E-01   2.1932090E-01   7.9404329E-01   1.0000000E+00   9.0478111E-01   8.0743848E-01   6.4057990E-02
 -5.6045069E-01  -7.9191935E-01   6.2270726E-02  -2.3108087E-02   3.6913117E-03  -2.0711499E-02  -9.0203146E-02  -6.4609647E-02  -4.9861495E-02  -5.9218834E-02  -4.9097352E-02  -2.5243375E-02  -1.7297268E-02  -3.3661903E-02  -9.2812497E-02  -1.9281196E-01  -3.4710562E-01  -4.6093220E-01  -3.7686693E-01  -4.1734422E-02   5.0968086E-01   9.0478111E-01   1.0000000E+00   9.7584078E-01   6.2055247E-02
 -5.1390499E-01  -7.3269066E-01   5.7037564E-02  -2.1374104E-02  -7.4881602E-03  -2.6085452E-02  -8.0485160E-02  -5.1060847E-02  -3.8664420E-02  -5.2605701E-02  -4.5961932E-02  -3.1725684E-02  -3.1918566E-02  -3.9565338E-02  -7.5961789E-02  -1.4869100E-01  -2.8127666E-01  -3.9955708E-01  -3.6574296E-01  -1.1128815E-01   3.8265818E-01   8.0743848E-01   9.7584078E-01   1.0000000E+00   5.6791420E-02
  7.8818900E-02   1.0574171E-01   9.9998006E-01  -3.9105927E-01  -1.4838673E-02  -1.1797958E-02   4.3586174E-02   6.2887126E-02   2.3223936E-02  -2.9953931E-02  -3.1502169E-02   1.2289303E-02   6.4590755E-02   7.2769489E-02   5.0805697E-02   2.6681149E-02   3.5007274E-03  -9.0439668E-03  -9.5872660E-03   1.5354336E-03   3.6130427E-02   6.4057990E-02   6.2055247E-02   5.6791420E-02   1.0000000E+00
