  1.0000000E+00   6.6701836E-01   1.2071534E-01  -1.0755134E-01  -5.8290548E-01  -6.2472333E-01  -2.7559737E-01   2.0798121E-01   3.6942328E-01   3.1437991E-01   7.7235261E-02  -9.1557527E-02  -1.3024380E-01  -2.0423748E-02   1.5063333E-01   2.7891253E-01   2.8996779E-01   2.1303738E-01   2.3668339E-02  -2.5896542E-01  -5.0135013E-01  -5.8191792E-01  -5.3791567E-01  -4.9608673E-01   1.2086973E-01
  6.6701836E-01   1.0000000E+00   1.7949189E-01  -1.2355392E-01   4.7731347E-02   5.5044041E-02   2.7220345E-02   2.1539219E-02   8.4491041E-02   1.5261197E-01   9.8403172E-02   9.6739672E-03   1.0674045E-02   1.1524611E-01   2.6597664E-01   3.7311038E-01   3.6403304E-01   2.4111252E-01  -2.3687965E-02  -4.0595849E-01  -7.2987878E-01  -8.4347775E-01  -7.8706817E-01  -7.2206868E-01   1.7973728E-01
  1.2071534E-01   1.7949189E-01   1.0000000E+00  -3.7378946E-01  -1.7169086E-02  -1.2382725E-02   3.2491403E-02   6.0038251E-02   5.8723915E-02   4.9306135E-02   1.2009470E-02  -2.0728680E-02  -3.8469516E-03   3.3862892E-02   5.5532252E-02   7.2529259E-02   7.7328551E-02   5.7394554E-02   9.0441244E-03  -3.4149104E-02  -3.6812700E-02  -1.5400384E-02  -6.8386120E-03  -1.4451033E-02   9.9998136E-01
 -1.0755134E-01  -1.2355392E-01  -3.7378946E-01   1.0000000E+00   2.4936782E-02   1.4025548E-02  -4.3712911E-04  -3.9991621E-02  -7.7152761E-02  -1.1038971E-01  -8.4221920E-02  -6.9151954E-03   3.4317631E-02  -2.2454414E-02  -9.1863215E-02  -1.3195357E-01  -1.2511663E-01  -7.3186342E-02  -1.2301631E-02   3.5011598E-02   3.3511644E-02   3.4298229E-03  -2.6572723E-02  -3.4854901E-02  -3.7337318E-01
 -5.8290548E-01   4.7731347E-02  -1.7169086E-02   2.4936782E-02   1.0000000E+00   9.1238436E-01  -4.1998234E-02  -6.6707178E-01  -6.0797795E-01  -1.5759345E-01   2.5186224E-01   3.5625262E-01   2.6169214E-01   5.2600695E-02  -8.2500959E-02  -1.1218481E-01  -6.5519717E-02  -3.1735587E-02  -1.3165264E-02   1.5661367E-03   4.1921481E-03  -5.7660755E-03  -1.8597736E-02  -2.1026388E-02  -1.7242437E-02
 -6.2472333E-01   5.5044041E-02  -1.2382725E-02   1.4025548E-02   9.1238436E-01   1.0000000E+00   2.8493536E-01  -5.5607174E-01  -7.0241897E-01  -3.5435991E-01   1.1868211E-01   3.1579180E-01   3.0888038E-01   1.4974378E-01   2.9455350E-03  -7.5676470E-02  -7.3051760E-02  -5.6982153E-02  -4.3389697E-02  -3.3677399E-02  -2.1838286E-02  -1.5057003E-02  -1.5278755E-02  -1.0027208E-02  -1.2378272E-02
 -2.7559737E-01   2.7220345E-02   3.2491403E-02  -4.3712911E-04  -4.1998234E-02   2.8493536E-01   1.0000000E+00   4.9521338E-01  -1.8298226E-01  -6.6650568E-01  -5.5079673E-01  -2.1945276E-01   1.4655326E-01   3.4691272E-01   3.0993406E-01   1.4244200E-01  -1.8630650E-02  -9.1210978E-02  -1.1721389E-01  -1.1452185E-01  -6.5279109E-02  -2.1741830E-02   6.6395600E-05   1.6418942E-02   3.2585656E-02
  2.0798121E-01   2.1539219E-02   6.0038251E-02  -3.9991621E-02  -6.6707178E-01  -5.5607174E-01   4.9521338E-01   1.0000000E+00   6.7436038E-01  -1.8387331E-01  -6.8532158E-01  -6.2486017E-01  -2.5089258E-01   1.6600857E-01   3.3358101E-01   2.7733602E-01   1.1172560E-01  -1.7073801E-02  -8.8054204E-02  -9.9104868E-02  -6.2316281E-02  -3.3239727E-02  -1.8688798E-02  -9.6394103E-03   6.0107270E-02
  3.6942328E-01   8.4491041E-02   5.8723915E-02  -7.7152761E-02  -6.0797795E-01  -7.0241897E-01  -1.8298226E-01   6.7436038E-01   1.0000000E+00   5.0871227E-01  -3.1886305E-01  -6.8141871E-01  -5.6872139E-01  -1.3298316E-01   1.9701391E-01   3.0948835E-01   2.3658112E-01   9.9778053E-02  -1.0119069E-02  -7.3027670E-02  -9.8328019E-02  -1.0136058E-01  -9.3725245E-02  -9.0807915E-02   5.8719525E-02
  3.1437991E-01   1.5261197E-01   4.9306135E-02  -1.1038971E-01  -1.5759345E-01  -3.5435991E-01  -6.6650568E-01  -1.8387331E-01   5.0871227E-01   1.0000000E+00   5.6097468E-01  -1.3640792E-01  -6.0178652E-01  -5.4674824E-01  -2.2643673E-01   1.0143516E-01   2.7284267E-01   2.5774134E-01   1.6054607E-01   2.3947076E-02  -1.0948423E-01  -1.7026203E-01  -1.7402186E-01  -1.7396338E-01   4.9281344E-02
  7.7235261E-02   9.8403172E-02   1.2009470E-02  -8.4221920E-02   2.5186224E-01   1.1868211E-01  -5.5079673E-01  -6.8532158E-01  -3.1886305E-01   5.6097468E-01   1.0000000E+00   6.6196000E-01  -8.6662478E-02  -6.0935776E-01  -6.0416141E-01  -2.8034532E-01   7.2537933E-02   2.5377998E-01   2.5944008E-01   1.4229454E-01  -1.3120589E-02  -9.9859678E-02  -1.1392278E-01  -1.1310021E-01   1.1968008E-02
 -9.1557527E-02   9.6739672E-03  -2.0728680E-02  -6.9151954E-03   3.5625262E-01   3.1579180E-01  -2.1945276E-01  -6.2486017E-01  -6.8141871E-01  -1.3640792E-01   6.6196000E-01   1.0000000E+00   6.0719313E-01  -1.9201763E-01  -6.1578805E-01  -5.8046812E-01  -2.7381358E-01   3.4065955E-02   1.9530383E-01   2.0194717E-01   1.1793969E-01   3.2518175E-02  -5.1909511E-03  -1.3756491E-02  -2.0757520E-02
 -1.3024380E-01   1.0674045E-02  -3.8469516E-03   3.4317631E-02   2.6169214E-01   3.0888038E-01   1.4655326E-01  -2.5089258E-01  -5.6872139E-01  -6.0178652E-01  -8.6662478E-02   6.0719313E-01   1.0000000E+00   5.8452768E-01  -9.0898453E-02  -5.3660846E-01  -5.8031987E-01  -3.5603249E-01  -8.0128157E-02   9.6883757E-02   1.4418816E-01   1.0746112E-01   6.6806390E-02   5.3703498E-02  -3.8148297E-03
 -2.0423748E-02   1.1524611E-01   3.3862892E-02  -2.2454414E-02   5.2600695E-02   1.4974378E-01   3.4691272E-01   1.6600857E-01  -1.3298316E-01  -5.4674824E-01  -6.0935776E-01  -1.9201763E-01   5.8452768E-01   1.0000000E+00   6.8196498E-01   2.3227130E-02  -4.7992087E-01  -6.0287193E-01  -4.3347020E-01  -1.8237196E-01  -5.9969667E-03   4.9993993E-02   4.5991556E-02   4.2360554E-02   3.4072138E-02
  1.5063333E-01   2.6597664E-01   5.5532252E-02  -9.1863215E-02  -8.2500959E-02   2.9455350E-03   3.0993406E-01   3.3358101E-01   1.9701391E-01  -2.2643673E-01  -6.0416141E-01  -6.1578805E-01  -9.0898453E-02   6.8196498E-01   1.0000000E+00   6.8354129E-01   3.7398168E-02  -4.4967886E-01  -5.9900893E-01  -4.8284590E-01  -2.8157376E-01  -1.3630955E-01  -6.7794922E-02  -4.5445713E-02   5.5806724E-02
  2.7891253E-01   3.7311038E-01   7.2529259E-02  -1.3195357E-01  -1.1218481E-01  -7.5676470E-02   1.4244200E-01   2.7733602E-01   3.0948835E-01   1.0143516E-01  -2.8034532E-01  -5.8046812E-01  -5.3660846E-01   2.3227130E-02   6.8354129E-01   1.0000000E+00   6.9528877E-01   6.9814601E-02  -4.6229372E-01  -6.6293029E-01  -5.6234416E-01  -3.6013738E-01  -2.0972608E-01  -1.5571102E-01   7.2683284E-02
  2.8996779E-01   3.6403304E-01   7.7328551E-02  -1.2511663E-01  -6.5519717E-02  -7.3051760E-02  -1.8630650E-02   1.1172560E-01   2.3658112E-01   2.7284267E-01   7.2537933E-02  -2.7381358E-01  -5.8031987E-01  -4.7992087E-01   3.7398168E-02   6.9528877E-01   1.0000000E+00   7.0352677E-01   4.3783992E-02  -5.0597707E-01  -6.6358307E-01  -5.2682733E-01  -3.4974635E-01  -2.7481626E-01   7.7302831E-02
  2.1303738E-01   2.4111252E-01   5.7394554E-02  -7.3186342E-02  -3.1735587E-02  -5.6982153E-02  -9.1210978E-02  -1.7073801E-02   9.9778053E-02   2.5774134E-01   2.5377998E-01   3.4065955E-02  -3.5603249E-01  -6.0287193E-01  -4.4967886E-01   6.9814601E-02   7.0352677E-01   1.0000000E+00   6.8270395E-01   1.3612565E-02  -4.7299716E-01  -5.5798147E-01  -4.5434793E-01  -3.8438071E-01   5.7253059E-02
  2.3668339E-02  -2.3687965E-02   9.0441244E-03  -1.2301631E-02  -1.3165264E-02  -4.3389697E-02  -1.1721389E-01  -8.8054204E-02  -1.0119069E-02   1.6054607E-01   2.5944008E-01   1.9530383E-01  -8.0128157E-02  -4.3347020E-01  -5.9900893E-01  -4.6229372E-01   4.3783992E-02   6.8270395E-01   1.0000000E+00   6.8119370E-01   5.9766257E-02  -3.1391304E-01  -3.9630029E-01  -3.7995890E-01   8.8993771E-03
 -2.5896542E-01  -4.0595849E-01  -3.4149104E-02   3.5011598E-02   1.5661367E-03  -3.3677399E-02  -1.1452185E-01  -9.9104868E-02  -7.3027670E-02   2.3947076E-02   1.4229454E-01   2.0194717E-01   9.6883757E-02  -1.8237196E-01  -4.8284590E-01  -6.6293029E-01  -5.0597707E-01   1.3612565E-02   6.8119370E-01   1.0000000E+00   7.1103172E-01   2.3703959E-01  -4.6295409E-02  -1.2257735E-01  -3.4227057E-02
 -5.0135013E-01  -7.2987878E-01  -3.6812700E-02   3.3511644E-02   4.1921481E-03  -2.1838286E-02  -6.5279109E-02  -6.2316281E-02  -9.8328019E-02  -1.0948423E-01  -1.3120589E-02   1.1793969E-01   1.4418816E-01  -5.9969667E-03  -2.8157376E-01  -5.6234416E-01  -6.6358307E-01  -4.7299716E-01   5.9766257E-02   7.1103172E-01   1.0000000E+00   8.0110712E-01   4.9350337E-01   3.5503338E-01  -3.6926179E-02
 -5.8191792E-01  -8.4347775E-01  -1.5400384E-02   3.4298229E-03  -5.7660755E-03  -1.5057003E-02  -2.1741830E-02  -3.3239727E-02  -1.0136058E-01  -1.7026203E-01  -9.9859678E-02   3.2518175E-02   1.0746112E-01   4.9993993E-02  -1.3630955E-01  -3.6013738E-01  -5.2682733E-01  -5.5798147E-01  -3.1391304E-01   2.3703959E-01   8.0110712E-01   1.0000000E+00   8.9002657E-01   7.7800179E-01  -1.5654158E-02
 -5.3791567E-01  -7.8706817E-01  -6.8386120E-03  -2.6572723E-02  -1.8597736E-02  -1.5278755E-02   6.6395600E-05  -1.8688798E-02  -9.3725245E-02  -1.7402186E-01  -1.1392278E-01  -5.1909511E-03   6.6806390E-02   4.5991556E-02  -6.7794922E-02  -2.0972608E-01  -3.4974635E-01  -4.5434793E-01  -3.9630029E-01  -4.6295409E-02   4.9350337E-01   8.9002657E-01   1.0000000E+00   9.7119633E-01  -7.2119726E-03
 -4.9608673E-01  -7.2206868E-01  -1.4451033E-02  -3.4854901E-02  -2.1026388E-02  -1.0027208E-02   1.6418942E-02  -9.6394103E-03  -9.0807915E-02  -1.7396338E-01  -1.1310021E-01  -1.3756491E-02   5.3703498E-02   4.2360554E-02  -4.5445713E-02  -1.5571102E-01  -2.7481626E-01  -3.8438071E-01  -3.7995890E-01  -1.2257735E-01   3.5503338E-01   7.7800179E-01   9.7119633E-01   1.0000000E+00  -1.4844557E-02
  1.2086973E-01   1.7973728E-01   9.9998136E-01  -3.7337318E-01  -1.7242437E-02  -1.2378272E-02   3.2585656E-02   6.0107270E-02   5.8719525E-02   4.9281344E-02   1.1968008E-02  -2.0757520E-02  -3.8148297E-03   3.4072138E-02   5.5806724E-02   7.2683284E-02   7.7302831E-02   5.7253059E-02   8.8993771E-03  -3.4227057E-02  -3.6926179E-02  -1.5654158E-02  -7.2119726E-03  -1.4844557E-02   1.0000000E+00
