  1.0000000E+00   6.7044609E-01   1.2681259E-01  -9.7874628E-02  -5.7571964E-01  -6.1457426E-01  -2.6577557E-01   2.0227465E-01   3.6341325E-01   3.0910332E-01   7.3937607E-02  -9.4239429E-02  -1.1915589E-01   1.4613727E-03   1.6272556E-01   2.8050580E-01   2.8700204E-01   1.9201630E-01  -6.3856447E-03  -2.7477714E-01  -5.0073605E-01  -5.7534125E-01  -5.3059027E-01  -4.8703325E-01   1.2691787E-01
  6.7044609E-01   1.0000000E+00   1.8039398E-01  -1.2802039E-01   5.2159610E-02   6.4005602E-02   3.8561829E-02   2.7083825E-02   8.2096103E-02   1.3743095E-01   8.3279198E-02   1.0453791E-02   3.1014427E-02   1.4456392E-01   2.8867096E-01   3.8117941E-01   3.5862321E-01   2.1562781E-01  -5.6911394E-02  -4.2097845E-01  -7.3186770E-01  -8.4312047E-01  -7.8221804E-01  -7.1367210E-01   1.8057289E-01
  1.2681259E-01   1.8039398E-01   1.0000000E+00  -3.9265851E-01  -8.4789817E-03  -1.6442453E-03   2.5505930E-02   3.0535802E-02   2.7338160E-02   4.2334169E-02   3.9267891E-02   2.2022917E-02   1.7055478E-02   1.8581423E-02   2.1003599E-02   4.8363743E-02   7.6154286E-02   6.3117184E-02   1.8071269E-02  -2.5001119E-02  -3.0368757E-02  -1.4272476E-02  -9.5365526E-03  -1.3907343E-02   9.9998156E-01
 -9.7874628E-02  -1.2802039E-01  -3.9265851E-01   1.0000000E+00   8.4577610E-03  -3.7778775E-03  -1.2187411E-02  -2.5425757E-02  -5.3191022E-02  -9.4282688E-02  -9.0338741E-02  -2.8113695E-02   1.5033380E-02  -1.5261207E-02  -7.1647253E-02  -1.2544370E-01  -1.3275701E-01  -8.4625836E-02  -2.2810269E-02   3.0828288E-02   3.7248707E-02   6.6298042E-03  -2.2888878E-02  -3.3938536E-02  -3.9229990E-01
 -5.7571964E-01   5.2159610E-02  -8.4789817E-03   8.4577610E-03   1.0000000E+00   9.1019258E-01  -4.6297442E-02  -6.6061203E-01  -5.9504208E-01  -1.5880717E-01   2.4395586E-01   3.6104248E-01   2.6258604E-01   5.1759532E-02  -7.0561367E-02  -9.6782469E-02  -5.4968215E-02  -1.7238191E-02  -1.8410780E-03   1.8437405E-03  -9.1745786E-03  -2.6124374E-02  -3.4684501E-02  -3.4278873E-02  -8.5463074E-03
 -6.1457426E-01   6.4005602E-02  -1.6442453E-03  -3.7778775E-03   9.1019258E-01   1.0000000E+00   2.8736824E-01  -5.4418319E-01  -6.9759712E-01  -3.6296903E-01   1.0522412E-01   3.2024513E-01   3.1517446E-01   1.5272615E-01   1.4775076E-02  -6.0839444E-02  -6.3907230E-02  -4.8343724E-02  -3.7452847E-02  -3.2357686E-02  -3.1680629E-02  -3.3186133E-02  -3.2270474E-02  -2.6255772E-02  -1.6755113E-03
 -2.6577557E-01   3.8561829E-02   2.5505930E-02  -1.2187411E-02  -4.6297442E-02   2.8736824E-01   1.0000000E+00   5.0326665E-01  -2.0079754E-01  -6.7478716E-01  -5.5254852E-01  -2.0913616E-01   1.6042946E-01   3.5173777E-01   3.0789324E-01   1.3932981E-01  -2.3394976E-02  -1.0638783E-01  -1.3274777E-01  -1.1676550E-01  -6.1947049E-02  -1.7935934E-02  -3.2260344E-04   1.1091754E-02   2.5557316E-02
  2.0227465E-01   2.7083825E-02   3.0535802E-02  -2.5425757E-02  -6.6061203E-01  -5.4418319E-01   5.0326665E-01   1.0000000E+00   6.5617898E-01  -1.9323821E-01  -6.8543555E-01  -6.2189868E-01  -2.3329816E-01   1.8200879E-01   3.3032859E-01   2.5787236E-01   8.3724363E-02  -4.6638798E-02  -1.0617483E-01  -9.9939789E-02  -5.3673749E-02  -2.1846164E-02  -1.1452373E-02  -5.8035184E-03   3.0639032E-02
  3.6341325E-01   8.2096103E-02   2.7338160E-02  -5.3191022E-02  -5.9504208E-01  -6.9759712E-01  -2.0079754E-01   6.5617898E-01   1.0000000E+00   5.1998360E-01  -3.0146210E-01  -6.8027606E-01  -5.6524098E-01  -1.2858312E-01   1.8881368E-01   2.8797954E-01   2.0618836E-01   7.4886411E-02  -1.8253474E-02  -6.5858723E-02  -8.7617489E-02  -9.3020210E-02  -8.5648642E-02  -8.1431186E-02   2.7389037E-02
  3.0910332E-01   1.3743095E-01   4.2334169E-02  -9.4282688E-02  -1.5880717E-01  -3.6296903E-01  -6.7478716E-01  -1.9323821E-01   5.1998360E-01   1.0000000E+00   5.6762858E-01  -1.4015570E-01  -6.0782835E-01  -5.4834175E-01  -2.2722879E-01   9.7791288E-02   2.6616975E-01   2.5379052E-01   1.5873306E-01   2.1296509E-02  -1.0839006E-01  -1.6377317E-01  -1.5868978E-01  -1.5263966E-01   4.2306317E-02
  7.3937607E-02   8.3279198E-02   3.9267891E-02  -9.0338741E-02   2.4395586E-01   1.0522412E-01  -5.5254852E-01  -6.8543555E-01  -3.0146210E-01   5.6762858E-01   1.0000000E+00   6.5410625E-01  -1.0270884E-01  -6.2049891E-01  -6.0470969E-01  -2.7269743E-01   9.2167947E-02   2.8024813E-01   2.7847526E-01   1.4196988E-01  -1.8764446E-02  -1.0328940E-01  -1.1102575E-01  -1.0466450E-01   3.9198166E-02
 -9.4239429E-02   1.0453791E-02   2.2022917E-02  -2.8113695E-02   3.6104248E-01   3.2024513E-01  -2.0913616E-01  -6.2189868E-01  -6.8027606E-01  -1.4015570E-01   6.5410625E-01   1.0000000E+00   6.0336194E-01  -1.9519438E-01  -6.1232154E-01  -5.7232587E-01  -2.5264287E-01   6.5550336E-02   2.2410375E-01   2.0649670E-01   1.0613386E-01   1.7301550E-02  -1.7027623E-02  -2.1573689E-02   2.1962699E-02
 -1.1915589E-01   3.1014427E-02   1.7055478E-02   1.5033380E-02   2.6258604E-01   3.1517446E-01   1.6042946E-01  -2.3329816E-01  -5.6524098E-01  -6.0782835E-01  -1.0270884E-01   6.0336194E-01   1.0000000E+00   5.8668863E-01  -7.8677866E-02  -5.1933073E-01  -5.6082344E-01  -3.3911634E-01  -7.1826535E-02   9.1891224E-02   1.2798468E-01   8.6800565E-02   4.4616290E-02   3.0021424E-02   1.7067347E-02
  1.4613727E-03   1.4456392E-01   1.8581423E-02  -1.5261207E-02   5.1759532E-02   1.5272615E-01   3.5173777E-01   1.8200879E-01  -1.2858312E-01  -5.4834175E-01  -6.2049891E-01  -1.9519438E-01   5.8668863E-01   1.0000000E+00   6.8844976E-01   3.7814241E-02  -4.6946707E-01  -6.0707514E-01  -4.5391579E-01  -2.0016572E-01  -2.0632553E-02   3.4879258E-02   2.6191465E-02   1.7185360E-02   1.8720861E-02
  1.6272556E-01   2.8867096E-01   2.1003599E-02  -7.1647253E-02  -7.0561367E-02   1.4775076E-02   3.0789324E-01   3.3032859E-01   1.8881368E-01  -2.2722879E-01  -6.0470969E-01  -6.1232154E-01  -7.8677866E-02   6.8844976E-01   1.0000000E+00   6.8655054E-01   3.4447582E-02  -4.6746008E-01  -6.2759792E-01  -5.0076404E-01  -2.9237089E-01  -1.4269783E-01  -7.5146902E-02  -5.4857107E-02   2.1204959E-02
  2.8050580E-01   3.8117941E-01   4.8363743E-02  -1.2544370E-01  -9.6782469E-02  -6.0839444E-02   1.3932981E-01   2.5787236E-01   2.8797954E-01   9.7791288E-02  -2.7269743E-01  -5.7232587E-01  -5.1933073E-01   3.7814241E-02   6.8655054E-01   1.0000000E+00   6.8936669E-01   5.4384423E-02  -4.7907414E-01  -6.6943694E-01  -5.6760783E-01  -3.6110251E-01  -2.0720137E-01  -1.4993620E-01   4.8523683E-02
  2.8700204E-01   3.5862321E-01   7.6154286E-02  -1.3275701E-01  -5.4968215E-02  -6.3907230E-02  -2.3394976E-02   8.3724363E-02   2.0618836E-01   2.6616975E-01   9.2167947E-02  -2.5264287E-01  -5.6082344E-01  -4.6946707E-01   3.4447582E-02   6.8936669E-01   1.0000000E+00   7.0176164E-01   4.1456890E-02  -5.0230673E-01  -6.6206488E-01  -5.2461519E-01  -3.4231785E-01  -2.6142791E-01   7.6191381E-02
  1.9201630E-01   2.1562781E-01   6.3117184E-02  -8.4625836E-02  -1.7238191E-02  -4.8343724E-02  -1.0638783E-01  -4.6638798E-02   7.4886411E-02   2.5379052E-01   2.8024813E-01   6.5550336E-02  -3.3911634E-01  -6.0707514E-01  -4.6746008E-01   5.4384423E-02   7.0176164E-01   1.0000000E+00   6.8214145E-01   2.2935624E-02  -4.5308339E-01  -5.4006081E-01  -4.3553551E-01  -3.6300026E-01   6.3051087E-02
 -6.3856447E-03  -5.6911394E-02   1.8071269E-02  -2.2810269E-02  -1.8410780E-03  -3.7452847E-02  -1.3274777E-01  -1.0617483E-01  -1.8253474E-02   1.5873306E-01   2.7847526E-01   2.2410375E-01  -7.1826535E-02  -4.5391579E-01  -6.2759792E-01  -4.7907414E-01   4.1456890E-02   6.8214145E-01   1.0000000E+00   6.8967738E-01   8.9052673E-02  -2.8792505E-01  -3.7468336E-01  -3.5937362E-01   1.7947812E-02
 -2.7477714E-01  -4.2097845E-01  -2.5001119E-02   3.0828288E-02   1.8437405E-03  -3.2357686E-02  -1.1676550E-01  -9.9939789E-02  -6.5858723E-02   2.1296509E-02   1.4196988E-01   2.0649670E-01   9.1891224E-02  -2.0016572E-01  -5.0076404E-01  -6.6943694E-01  -5.0230673E-01   2.2935624E-02   6.8967738E-01   1.0000000E+00   7.2245129E-01   2.4738346E-01  -4.1567105E-02  -1.2035277E-01  -2.5072036E-02
 -5.0073605E-01  -7.3186770E-01  -3.0368757E-02   3.7248707E-02  -9.1745786E-03  -3.1680629E-02  -6.1947049E-02  -5.3673749E-02  -8.7617489E-02  -1.0839006E-01  -1.8764446E-02   1.0613386E-01   1.2798468E-01  -2.0632553E-02  -2.9237089E-01  -5.6760783E-01  -6.6206488E-01  -4.5308339E-01   8.9052673E-02   7.2245129E-01   1.0000000E+00   7.9769995E-01   4.8302333E-01   3.3999080E-01  -3.0417882E-02
 -5.7534125E-01  -8.4312047E-01  -1.4272476E-02   6.6298042E-03  -2.6124374E-02  -3.3186133E-02  -1.7935934E-02  -2.1846164E-02  -9.3020210E-02  -1.6377317E-01  -1.0328940E-01   1.7301550E-02   8.6800565E-02   3.4879258E-02  -1.4269783E-01  -3.6110251E-01  -5.2461519E-01  -5.4006081E-01  -2.8792505E-01   2.4738346E-01   7.9769995E-01   1.0000000E+00   8.8658979E-01   7.7014274E-01  -1.4451631E-02
 -5.3059027E-01  -7.8221804E-01  -9.5365526E-03  -2.2888878E-02  -3.4684501E-02  -3.2270474E-02  -3.2260344E-04  -1.1452373E-02  -8.5648642E-02  -1.5868978E-01  -1.1102575E-01  -1.7027623E-02   4.4616290E-02   2.6191465E-02  -7.5146902E-02  -2.0720137E-01  -3.4231785E-01  -4.3553551E-01  -3.7468336E-01  -4.1567105E-02   4.8302333E-01   8.8658979E-01   1.0000000E+00   9.7022157E-01  -9.8482841E-03
 -4.8703325E-01  -7.1367210E-01  -1.3907343E-02  -3.3938536E-02  -3.4278873E-02  -2.6255772E-02   1.1091754E-02  -5.8035184E-03  -8.1431186E-02  -1.5263966E-01  -1.0466450E-01  -2.1573689E-02   3.0021424E-02   1.7185360E-02  -5.4857107E-02  -1.4993620E-01  -2.6142791E-01  -3.6300026E-01  -3.5937362E-01  -1.2035277E-01   3.3999080E-01   7.7014274E-01   9.7022157E-01   1.0000000E+00  -1.4249554E-02
  1.2691787E-01   1.8057289E-01   9.9998156E-01  -3.9229990E-01  -8.5463074E-03  -1.6755113E-03   2.5557316E-02   3.0639032E-02   2.7389037E-02   4.2306317E-02   3.9198166E-02   2.1962699E-02   1.7067347E-02   1.8720861E-02   2.1204959E-02   4.8523683E-02   7.6191381E-02   6.3051087E-02   1.7947812E-02  -2.5072036E-02  -3.0417882E-02  -1.4451631E-02  -9.8482841E-03  -1.4249554E-02   1.0000000E+00
