# H0 MB omegabh2 omegach2 DDE_w0 DDE_w1 DDE_w2 DDE_w3 DDE_w4 DDE_w5 DDE_w6 DDE_w7 DDE_w8 DDE_w9 DDE_w10 DDE_w11 DDE_w12 DDE_w13 DDE_w14 DDE_w15 DDE_w16 DDE_w17 DDE_w18 DDE_w19
  9.1500709E-01   1.6103992E-02  -1.9543832E-05  -1.8882677E-04  -1.2107728E-01  -5.7135773E-02  -3.5772351E-03  -1.5944490E-02  -2.3375393E-02  -2.2477750E-03   3.7301890E-03  -2.7153350E-03   2.2801764E-02   9.4502824E-02   1.2335748E-01   5.9541035E-02   7.2457765E-03  -4.5613495E-04  -1.8976310E-02  -9.6182562E-02  -2.0921718E-01  -3.2673978E-01  -3.9793363E-01  -4.0509144E-01
  1.6103992E-02   4.4967669E-04  -2.7897168E-07  -4.6904818E-06  -1.2554368E-05   6.9112838E-04   6.7351954E-04  -5.5350796E-04  -1.0916795E-03  -4.2487533E-04   1.4888287E-04   2.9744898E-04   9.0879569E-04   2.3388824E-03   2.8467624E-03   1.4964350E-03   4.6865213E-04   2.8370248E-04  -4.2455606E-04  -2.5741017E-03  -5.7440000E-03  -9.1157827E-03  -1.1307497E-02  -1.1710613E-02
 -1.9543832E-05  -2.7897168E-07   1.9234477E-08  -3.4602760E-08   6.4785521E-07  -2.3884172E-06  -6.2238797E-07   5.6349168E-06   5.9873818E-06   6.0175068E-07  -1.6858619E-06   1.9794862E-08  -1.1297441E-07  -4.5721522E-06  -6.2182416E-06  -2.4506643E-07   3.5499099E-06   2.4015327E-06   1.3668590E-06   3.9295849E-06   8.5971764E-06   1.4987910E-05   1.9181429E-05   1.9357615E-05
 -1.8882677E-04  -4.6904818E-06  -3.4602760E-08   9.3464075E-07  -5.5305843E-06  -1.7090664E-05  -1.1974044E-05   1.2022335E-05   1.6003890E-05   7.6654211E-07  -4.8376179E-06  -3.8627046E-06  -1.3966527E-05  -4.1787974E-05  -5.0540316E-05  -2.2864730E-05  -1.2230889E-06  -4.1567626E-06  -1.0633212E-05  -2.2002035E-06   1.0243508E-05   2.9336192E-05   4.2752588E-05   4.2236988E-05
 -1.2107728E-01  -1.2554368E-05   6.4785521E-07  -5.5305843E-06   7.7283362E-02   4.3925844E-02  -5.3697200E-03  -2.9795818E-02  -2.2482685E-02  -1.0232216E-03   1.4924434E-02   1.7284561E-02   9.4146398E-03  -2.2921356E-03  -9.9336173E-03  -8.8449097E-03  -3.3169920E-03   1.3421868E-03   2.7306719E-03   3.6863546E-03   3.6149230E-03   2.1282316E-03  -7.1622525E-04  -3.0297325E-03
 -5.7135773E-02   6.9112838E-04  -2.3884172E-06  -1.7090664E-05   4.3925844E-02   3.5196268E-02   7.7894107E-03  -1.9473837E-02  -2.3797351E-02  -8.8046873E-03   6.1351938E-03   1.1161270E-02   9.7813656E-03   7.6882597E-03   3.4270979E-03  -3.3870925E-03  -5.1306123E-03  -1.7846727E-03  -1.6201631E-04  -2.2551859E-03  -6.2578315E-03  -1.2662280E-02  -1.7886605E-02  -1.8810384E-02
 -3.5772351E-03   6.7351954E-04  -6.2238797E-07  -1.1974044E-05  -5.3697200E-03   7.7894107E-03   2.0050825E-02   1.1068168E-02  -6.9389760E-03  -1.5457209E-02  -1.2236430E-02  -3.9695029E-03   4.4111271E-03   1.0758032E-02   1.1451531E-02   5.2972481E-03  -1.8635910E-04  -1.8043364E-03  -2.6987832E-03  -5.0614775E-03  -8.5702448E-03  -1.3776639E-02  -1.7716954E-02  -1.8150735E-02
 -1.5944490E-02  -5.5350796E-04   5.6349168E-06   1.2022335E-05  -2.9795818E-02  -1.9473837E-02   1.1068168E-02   3.5995652E-02   2.4655930E-02  -6.6107575E-03  -2.3200832E-02  -1.8434747E-02  -7.0049742E-03  -1.9773736E-03   1.7259226E-03   9.0671514E-03   9.6029334E-03   2.9730647E-03  -1.9290134E-03  -1.4316028E-04   3.9050665E-03   9.3958474E-03   1.2844021E-02   1.2210131E-02
 -2.3375393E-02  -1.0916795E-03   5.9873818E-06   1.6003890E-05  -2.2482685E-02  -2.3797351E-02  -6.9389760E-03   2.4655930E-02   3.5834738E-02   1.4927096E-02  -1.0875790E-02  -2.0755413E-02  -1.8350520E-02  -1.5399771E-02  -7.8520378E-03   7.2481370E-03   1.2696213E-02   6.9289933E-03   1.8862434E-03   4.4822287E-03   1.0599412E-02   1.9538100E-02   2.6026155E-02   2.6045025E-02
 -2.2477750E-03  -4.2487533E-04   6.0175068E-07   7.6654211E-07  -1.0232216E-03  -8.8046873E-03  -1.5457209E-02  -6.6107575E-03   1.4927096E-02   2.8332725E-02   1.7597317E-02  -5.3078318E-03  -2.0550385E-02  -2.2190746E-02  -1.2844819E-02   6.4599563E-04   8.2996616E-03   8.3380816E-03   5.4752117E-03   4.0480366E-03   5.0533419E-03   8.0263811E-03   1.1181656E-02   1.2262545E-02
  3.7301890E-03   1.4888287E-04  -1.6858619E-06  -4.8376179E-06   1.4924434E-02   6.1351938E-03  -1.2236430E-02  -2.3200832E-02  -1.0875790E-02   1.7597317E-02   3.3617501E-02   2.0829828E-02  -5.2431451E-03  -2.1337329E-02  -2.1223432E-02  -1.1839991E-02  -3.7966740E-04   7.0477908E-03   8.2045315E-03   5.2328910E-03   1.6625292E-03  -8.4995898E-04  -1.7311143E-03  -1.1930116E-03
 -2.7153350E-03   2.9744898E-04   1.9794862E-08  -3.8627046E-06   1.7284561E-02   1.1161270E-02  -3.9695029E-03  -1.8434747E-02  -2.0755413E-02  -5.3078318E-03   2.0829828E-02   3.5438954E-02   2.1578560E-02  -5.7748765E-03  -2.3292744E-02  -2.3185323E-02  -1.1758329E-02   7.6072269E-04   8.1622488E-03   8.4148884E-03   2.9676491E-03  -2.7484024E-03  -6.6108792E-03  -8.1171352E-03
  2.2801764E-02   9.0879569E-04  -1.1297441E-07  -1.3966527E-05   9.4146398E-03   9.7813656E-03   4.4111271E-03  -7.0049742E-03  -1.8350520E-02  -2.0550385E-02  -5.2431451E-03   2.1578560E-02   3.7379336E-02   2.7156958E-02   1.1658790E-03  -1.9418214E-02  -2.2409418E-02  -1.2278647E-02  -9.6088385E-04   2.0488059E-03  -4.2017327E-03  -1.3793222E-02  -2.1543030E-02  -2.4518025E-02
  9.4502824E-02   2.3388824E-03  -4.5721522E-06  -4.1787974E-05  -2.2921356E-03   7.6882597E-03   1.0758032E-02  -1.9773736E-03  -1.5399771E-02  -2.2190746E-02  -2.1337329E-02  -5.7748765E-03   2.7156958E-02   5.7413396E-02   4.8787853E-02   5.8117437E-03  -2.5161043E-02  -2.8074420E-02  -2.0081935E-02  -1.9181634E-02  -2.6139472E-02  -3.9526409E-02  -5.0923144E-02  -5.2967815E-02
  1.2335748E-01   2.8467624E-03  -6.2182416E-06  -5.0540316E-05  -9.9336173E-03   3.4270979E-03   1.1451531E-02   1.7259226E-03  -7.8520378E-03  -1.2844819E-02  -2.1223432E-02  -2.3292744E-02   1.1658790E-03   4.8787853E-02   7.1426004E-02   3.9303843E-02  -5.3532687E-03  -2.9379111E-02  -3.6319290E-02  -3.9865822E-02  -4.2346342E-02  -4.9600192E-02  -5.6344750E-02  -5.5676982E-02
  5.9541035E-02   1.4964350E-03  -2.4506643E-07  -2.2864730E-05  -8.8449097E-03  -3.3870925E-03   5.2972481E-03   9.0671514E-03   7.2481370E-03   6.4599563E-04  -1.1839991E-02  -2.3185323E-02  -1.9418214E-02   5.8117437E-03   3.9303843E-02   5.3282938E-02   3.4265469E-02  -1.9900092E-03  -3.1794199E-02  -4.3676430E-02  -4.0412545E-02  -3.2645296E-02  -2.6689139E-02  -2.3683530E-02
  7.2457765E-03   4.6865213E-04   3.5499099E-06  -1.2230889E-06  -3.3169920E-03  -5.1306123E-03  -1.8635910E-04   9.6029334E-03   1.2696213E-02   8.2996616E-03  -3.7966740E-04  -1.1758329E-02  -2.2409418E-02  -2.5161043E-02  -5.3532687E-03   3.4265469E-02   5.6321178E-02   3.8076310E-02  -1.2931830E-03  -2.9245847E-02  -3.7308830E-02  -3.0898682E-02  -2.1632600E-02  -1.7843294E-02
 -4.5613495E-04   2.8370248E-04   2.4015327E-06  -4.1567626E-06   1.3421868E-03  -1.7846727E-03  -1.8043364E-03   2.9730647E-03   6.9289933E-03   8.3380816E-03   7.0477908E-03   7.6072269E-04  -1.2278647E-02  -2.8074420E-02  -2.9379111E-02  -1.9900092E-03   3.8076310E-02   5.8764415E-02   4.1890645E-02   5.1972192E-03  -2.7237222E-02  -4.3236827E-02  -4.5991602E-02  -4.4641708E-02
 -1.8976310E-02  -4.2455606E-04   1.3668590E-06  -1.0633212E-05   2.7306719E-03  -1.6201631E-04  -2.6987832E-03  -1.9290134E-03   1.8862434E-03   5.4752117E-03   8.2045315E-03   8.1622488E-03  -9.6088385E-04  -2.0081935E-02  -3.6319290E-02  -3.1794199E-02  -1.2931830E-03   4.1890645E-02   6.7917095E-02   5.3752876E-02   1.2190314E-02  -2.7868335E-02  -5.0282224E-02  -5.6357775E-02
 -9.6182562E-02  -2.5741017E-03   3.9295849E-06  -2.2002035E-06   3.6863546E-03  -2.2551859E-03  -5.0614775E-03  -1.4316028E-04   4.4822287E-03   4.0480366E-03   5.2328910E-03   8.4148884E-03   2.0488059E-03  -1.9181634E-02  -3.9865822E-02  -4.3676430E-02  -2.9245847E-02   5.1972192E-03   5.3752876E-02   8.5368009E-02   7.5900550E-02   4.1280691E-02   1.0091524E-02  -4.4228263E-03
 -2.0921718E-01  -5.7440000E-03   8.5971764E-06   1.0243508E-05   3.6149230E-03  -6.2578315E-03  -8.5702448E-03   3.9050665E-03   1.0599412E-02   5.0533419E-03   1.6625292E-03   2.9676491E-03  -4.2017327E-03  -2.6139472E-02  -4.2346342E-02  -4.0412545E-02  -3.7308830E-02  -2.7237222E-02   1.2190314E-02   7.5900550E-02   1.2829062E-01   1.4571119E-01   1.3576206E-01   1.2123661E-01
 -3.2673978E-01  -9.1157827E-03   1.4987910E-05   2.9336192E-05   2.1282316E-03  -1.2662280E-02  -1.3776639E-02   9.3958474E-03   1.9538100E-02   8.0263811E-03  -8.4995898E-04  -2.7484024E-03  -1.3793222E-02  -3.9526409E-02  -4.9600192E-02  -3.2645296E-02  -3.0898682E-02  -4.3236827E-02  -2.7868335E-02   4.1280691E-02   1.4571119E-01   2.4404035E-01   2.9387182E-01   2.9646783E-01
 -3.9793363E-01  -1.1307497E-02   1.9181429E-05   4.2752588E-05  -7.1622525E-04  -1.7886605E-02  -1.7716954E-02   1.2844021E-02   2.6026155E-02   1.1181656E-02  -1.7311143E-03  -6.6108792E-03  -2.1543030E-02  -5.0923144E-02  -5.6344750E-02  -2.6689139E-02  -2.1632600E-02  -4.5991602E-02  -5.0282224E-02   1.0091524E-02   1.3576206E-01   2.9387182E-01   4.1506413E-01   4.5209667E-01
 -4.0509144E-01  -1.1710613E-02   1.9357615E-05   4.2236988E-05  -3.0297325E-03  -1.8810384E-02  -1.8150735E-02   1.2210131E-02   2.6045025E-02   1.2262545E-02  -1.1930116E-03  -8.1171352E-03  -2.4518025E-02  -5.2967815E-02  -5.5676982E-02  -2.3683530E-02  -1.7843294E-02  -4.4641708E-02  -5.6357775E-02  -4.4228263E-03   1.2123661E-01   2.9646783E-01   4.5209667E-01   5.1662410E-01
