  1.0000000E+00   7.9390975E-01  -1.4731850E-01  -2.0418742E-01  -4.5531024E-01  -3.1838132E-01  -2.6410044E-02  -8.7856398E-02  -1.2909059E-01  -1.3960354E-02   2.1268453E-02  -1.5078937E-02   1.2329357E-01   4.1231197E-01   4.8253086E-01   2.6965599E-01   3.1918086E-02  -1.9670886E-03  -7.6121964E-02  -3.4414109E-01  -6.1064339E-01  -6.9144712E-01  -6.4571491E-01  -5.8918747E-01  -1.4785605E-01
  7.9390975E-01   1.0000000E+00  -9.4857077E-02  -2.2879415E-01  -2.1296178E-03   1.7372416E-01   2.2430238E-01  -1.3757789E-01  -2.7195236E-01  -1.1903294E-01   3.8292334E-02   7.4511250E-02   2.2166661E-01   4.6031124E-01   5.0231120E-01   3.0571278E-01   9.3124627E-02   5.5189408E-02  -7.6823715E-02  -4.1545877E-01  -7.5625245E-01  -8.7018773E-01  -8.2767279E-01  -7.6831992E-01  -9.5318141E-02
 -1.4731850E-01  -9.4857077E-02   1.0000000E+00  -2.5807634E-01   1.6803307E-02  -9.1795561E-02  -3.1692381E-02   2.1415208E-01   2.2805765E-01   2.5776991E-02  -6.6297796E-02   7.5817915E-04  -4.2133165E-03  -1.3758588E-01  -1.6776417E-01  -7.6550769E-03   1.0785524E-01   7.1431718E-02   3.7817601E-02   9.6974802E-02   1.7306856E-01   2.1876109E-01   2.1467584E-01   1.9418886E-01   9.9996907E-01
 -2.0418742E-01  -2.2879415E-01  -2.5807634E-01   1.0000000E+00  -2.0578118E-02  -9.4229799E-02  -8.7468635E-02   6.5545283E-02   8.7448241E-02   4.7105269E-03  -2.7291443E-02  -2.1224071E-02  -7.4722309E-02  -1.8039411E-01  -1.9560836E-01  -1.0245889E-01  -5.3308909E-03  -1.7736816E-02  -4.2203898E-02  -7.7892013E-03   2.9582092E-02   6.1425763E-02   6.8640818E-02   6.0783157E-02  -2.5755934E-01
 -4.5531024E-01  -2.1296178E-03   1.6803307E-02  -2.0578118E-02   1.0000000E+00   8.4222631E-01  -1.3640884E-01  -5.6492044E-01  -4.2722145E-01  -2.1866663E-02   2.9280073E-01   3.3027439E-01   1.7516402E-01  -3.4410476E-02  -1.3370149E-01  -1.3783399E-01  -5.0276560E-02   1.9916488E-02   3.7690940E-02   4.5384393E-02   3.6304344E-02   1.5496909E-02  -3.9989781E-03  -1.5162609E-02   1.6805437E-02
 -3.1838132E-01   1.7372416E-01  -9.1795561E-02  -9.4229799E-02   8.4222631E-01   1.0000000E+00   2.9321769E-01  -5.4711448E-01  -6.7008236E-01  -2.7881842E-01   1.7835992E-01   3.1602748E-01   2.6967171E-01   1.7103032E-01   6.8351811E-02  -7.8214030E-02  -1.1523516E-01  -3.9242175E-02  -3.3137588E-03  -4.1142101E-02  -9.3127534E-02  -1.3662583E-01  -1.4798647E-01  -1.3949609E-01  -9.2260673E-02
 -2.6410044E-02   2.2430238E-01  -3.1692381E-02  -8.7468635E-02  -1.3640884E-01   2.9321769E-01   1.0000000E+00   4.1198804E-01  -2.5886727E-01  -6.4851614E-01  -4.7130916E-01  -1.4891195E-01   1.6112675E-01   3.1707361E-01   3.0260022E-01   1.6206533E-01  -5.5456009E-03  -5.2564698E-02  -7.3132820E-02  -1.2233863E-01  -1.6897780E-01  -1.9694562E-01  -1.9420720E-01  -1.7833671E-01  -3.2085139E-02
 -8.7856398E-02  -1.3757789E-01   2.1415208E-01   6.5545283E-02  -5.6492044E-01  -5.4711448E-01   4.1198804E-01   1.0000000E+00   6.8650586E-01  -2.0700557E-01  -6.6695389E-01  -5.1614498E-01  -1.9097025E-01  -4.3496779E-02   3.4038319E-02   2.0703881E-01   2.1327651E-01   6.4643092E-02  -3.9014017E-02  -2.5825571E-03   5.7465337E-02   1.0024901E-01   1.0507959E-01   8.9538120E-02   2.1474947E-01
 -1.2909059E-01  -2.7195236E-01   2.2805765E-01   8.7448241E-02  -4.2722145E-01  -6.7008236E-01  -2.5886727E-01   6.8650586E-01   1.0000000E+00   4.6846704E-01  -3.1334733E-01  -5.8242340E-01  -5.0139554E-01  -3.3951230E-01  -1.5520371E-01   1.6587472E-01   2.8260915E-01   1.5099439E-01   3.8234558E-02   8.1039046E-02   1.5632635E-01   2.0892932E-01   2.1340289E-01   1.9141913E-01   2.2890383E-01
 -1.3960354E-02  -1.1903294E-01   2.5776991E-02   4.7105269E-03  -2.1866663E-02  -2.7881842E-01  -6.4851614E-01  -2.0700557E-01   4.6846704E-01   1.0000000E+00   5.7018998E-01  -1.6750684E-01  -6.3148058E-01  -5.5020066E-01  -2.8553256E-01   1.6626136E-02   2.0776881E-01   2.0434535E-01   1.2481512E-01   8.2310015E-02   8.3817955E-02   9.6526107E-02   1.0311084E-01   1.0135592E-01   2.6070785E-02
  2.1268453E-02   3.8292334E-02  -6.6297796E-02  -2.7291443E-02   2.9280073E-01   1.7835992E-01  -4.7130916E-01  -6.6695389E-01  -3.1334733E-01   5.7018998E-01   1.0000000E+00   6.0347950E-01  -1.4790858E-01  -4.8568057E-01  -4.3311650E-01  -2.7975289E-01  -8.7253877E-03   1.5856710E-01   1.7170444E-01   9.7681294E-02   2.5315652E-02  -9.3839231E-03  -1.4654987E-02  -9.0526266E-03  -6.6419342E-02
 -1.5078937E-02   7.4511250E-02   7.5817915E-04  -2.1224071E-02   3.3027439E-01   3.1602748E-01  -1.4891195E-01  -5.1614498E-01  -5.8242340E-01  -1.6750684E-01   6.0347950E-01   1.0000000E+00   5.9287920E-01  -1.2802525E-01  -4.6296912E-01  -5.3355429E-01  -2.6318995E-01   1.6669736E-02   1.6637184E-01   1.5298905E-01   4.4012359E-02  -2.9553509E-02  -5.4508117E-02  -5.9989467E-02   6.8791678E-04
  1.2329357E-01   2.2166661E-01  -4.2133165E-03  -7.4722309E-02   1.7516402E-01   2.6967171E-01   1.6112675E-01  -1.9097025E-01  -5.0139554E-01  -6.3148058E-01  -1.4790858E-01   5.9287920E-01   1.0000000E+00   5.8621741E-01   2.2563659E-02  -4.3511035E-01  -4.8840367E-01  -2.6198566E-01  -1.9070653E-02   3.6269156E-02  -6.0675753E-02  -1.4441727E-01  -1.7295511E-01  -1.7643404E-01  -4.4420134E-03
  4.1231197E-01   4.6031124E-01  -1.3758588E-01  -1.8039411E-01  -3.4410476E-02   1.7103032E-01   3.1707361E-01  -4.3496779E-02  -3.3951230E-01  -5.5020066E-01  -4.8568057E-01  -1.2802525E-01   5.8621741E-01   1.0000000E+00   7.6186305E-01   1.0507654E-01  -4.4247237E-01  -4.8333357E-01  -3.2159507E-01  -2.7398791E-01  -3.0457394E-01  -3.3392576E-01  -3.2987620E-01  -3.0755168E-01  -1.3830571E-01
  4.8253086E-01   5.0231120E-01  -1.6776417E-01  -1.9560836E-01  -1.3370149E-01   6.8351811E-02   3.0260022E-01   3.4038319E-02  -1.5520371E-01  -2.8553256E-01  -4.3311650E-01  -4.6296912E-01   2.2563659E-02   7.6186305E-01   1.0000000E+00   6.3710756E-01  -8.4402440E-02  -4.5347491E-01  -5.2145835E-01  -5.1053435E-01  -4.4237470E-01  -3.7568544E-01  -3.2724098E-01  -2.8984124E-01  -1.6850781E-01
  2.6965599E-01   3.0571278E-01  -7.6550769E-03  -1.0245889E-01  -1.3783399E-01  -7.8214030E-02   1.6206533E-01   2.0703881E-01   1.6587472E-01   1.6626136E-02  -2.7975289E-01  -5.3355429E-01  -4.3511035E-01   1.0507654E-01   6.3710756E-01   1.0000000E+00   6.2549917E-01  -3.5563442E-02  -5.2852345E-01  -6.4759797E-01  -4.8879265E-01  -2.8628310E-01  -1.7946629E-01  -1.4274636E-01  -7.6607764E-03
  3.1918086E-02   9.3124627E-02   1.0785524E-01  -5.3308909E-03  -5.0276560E-02  -1.1523516E-01  -5.5456009E-03   2.1327651E-01   2.8260915E-01   2.0776881E-01  -8.7253877E-03  -2.6318995E-01  -4.8840367E-01  -4.4247237E-01  -8.4402440E-02   6.2549917E-01   1.0000000E+00   6.6185337E-01  -2.0909062E-02  -4.2177493E-01  -4.3891287E-01  -2.6355622E-01  -1.4148658E-01  -1.0460485E-01   1.0839685E-01
 -1.9670886E-03   5.5189408E-02   7.1431718E-02  -1.7736816E-02   1.9916488E-02  -3.9242175E-02  -5.2564698E-02   6.4643092E-02   1.5099439E-01   2.0434535E-01   1.5856710E-01   1.6669736E-02  -2.6198566E-01  -4.8333357E-01  -4.5347491E-01  -3.5563442E-02   6.6185337E-01   1.0000000E+00   6.6308666E-01   7.3378065E-02  -3.1369540E-01  -3.6104871E-01  -2.9448537E-01  -2.5621011E-01   7.1974468E-02
 -7.6121964E-02  -7.6823715E-02   3.7817601E-02  -4.2203898E-02   3.7690940E-02  -3.3137588E-03  -7.3132820E-02  -3.9014017E-02   3.8234558E-02   1.2481512E-01   1.7170444E-01   1.6637184E-01  -1.9070653E-02  -3.2159507E-01  -5.2145835E-01  -5.2852345E-01  -2.0909062E-02   6.6308666E-01   1.0000000E+00   7.0593478E-01   1.3059540E-01  -2.1646648E-01  -2.9947966E-01  -3.0086866E-01   3.8287620E-02
 -3.4414109E-01  -4.1545877E-01   9.6974802E-02  -7.7892013E-03   4.5384393E-02  -4.1142101E-02  -1.2233863E-01  -2.5825571E-03   8.1039046E-02   8.2310015E-02   9.7681294E-02   1.5298905E-01   3.6269156E-02  -2.7398791E-01  -5.1053435E-01  -6.4759797E-01  -4.2177493E-01   7.3378065E-02   7.0593478E-01   1.0000000E+00   7.2527030E-01   2.8600167E-01   5.3610715E-02  -2.1060320E-02   9.7421458E-02
 -6.1064339E-01  -7.5625245E-01   1.7306856E-01   2.9582092E-02   3.6304344E-02  -9.3127534E-02  -1.6897780E-01   5.7465337E-02   1.5632635E-01   8.3817955E-02   2.5315652E-02   4.4012359E-02  -6.0675753E-02  -3.0457394E-01  -4.4237470E-01  -4.8879265E-01  -4.3891287E-01  -3.1369540E-01   1.3059540E-01   7.2527030E-01   1.0000000E+00   8.2350194E-01   5.8833322E-01   4.7092201E-01   1.7331915E-01
 -6.9144712E-01  -8.7018773E-01   2.1876109E-01   6.1425763E-02   1.5496909E-02  -1.3662583E-01  -1.9694562E-01   1.0024901E-01   2.0892932E-01   9.6526107E-02  -9.3839231E-03  -2.9553509E-02  -1.4441727E-01  -3.3392576E-01  -3.7568544E-01  -2.8628310E-01  -2.6355622E-01  -3.6104871E-01  -2.1646648E-01   2.8600167E-01   8.2350194E-01   1.0000000E+00   9.2335673E-01   8.3494798E-01   2.1892709E-01
 -6.4571491E-01  -8.2767279E-01   2.1467584E-01   6.8640818E-02  -3.9989781E-03  -1.4798647E-01  -1.9420720E-01   1.0507959E-01   2.1340289E-01   1.0311084E-01  -1.4654987E-02  -5.4508117E-02  -1.7295511E-01  -3.2987620E-01  -3.2724098E-01  -1.7946629E-01  -1.4148658E-01  -2.9448537E-01  -2.9947966E-01   5.3610715E-02   5.8833322E-01   9.2335673E-01   1.0000000E+00   9.7630693E-01   2.1482126E-01
 -5.8918747E-01  -7.6831992E-01   1.9418886E-01   6.0783157E-02  -1.5162609E-02  -1.3949609E-01  -1.7833671E-01   8.9538120E-02   1.9141913E-01   1.0135592E-01  -9.0526266E-03  -5.9989467E-02  -1.7643404E-01  -3.0755168E-01  -2.8984124E-01  -1.4274636E-01  -1.0460485E-01  -2.5621011E-01  -3.0086866E-01  -2.1060320E-02   4.7092201E-01   8.3494798E-01   9.7630693E-01   1.0000000E+00   1.9424709E-01
 -1.4785605E-01  -9.5318141E-02   9.9996907E-01  -2.5755934E-01   1.6805437E-02  -9.2260673E-02  -3.2085139E-02   2.1474947E-01   2.2890383E-01   2.6070785E-02  -6.6419342E-02   6.8791678E-04  -4.4420134E-03  -1.3830571E-01  -1.6850781E-01  -7.6607764E-03   1.0839685E-01   7.1974468E-02   3.8287620E-02   9.7421458E-02   1.7331915E-01   2.1892709E-01   2.1482126E-01   1.9424709E-01   1.0000000E+00
