  1.0000000E+00   6.7916823E-01   1.1326421E-01  -8.9400718E-02  -5.8149461E-01  -6.1488240E-01  -2.4343572E-01   2.1170950E-01   3.5494185E-01   2.8560002E-01   6.2886212E-02  -9.3994180E-02  -1.0928444E-01   1.5148750E-02   1.7190733E-01   2.8448763E-01   2.8715653E-01   1.8612432E-01  -1.8045009E-02  -2.8502656E-01  -5.0911487E-01  -5.8004691E-01  -5.3392237E-01  -4.8802983E-01   1.1334400E-01
  6.7916823E-01   1.0000000E+00   1.5195007E-01  -1.1538676E-01   2.8690300E-02   4.8366875E-02   6.8165322E-02   5.3828538E-02   8.2490616E-02   1.1601876E-01   6.7804062E-02   6.7238460E-03   3.7882244E-02   1.5532985E-01   2.9343359E-01   3.7496135E-01   3.5019463E-01   2.0885536E-01  -6.4020155E-02  -4.2243750E-01  -7.3378885E-01  -8.3970143E-01  -7.7738641E-01  -7.0914408E-01   1.5205483E-01
  1.1326421E-01   1.5195007E-01   1.0000000E+00  -3.9638500E-01  -1.7434481E-02  -6.1570747E-03   4.1376561E-02   4.1840888E-02   1.4614918E-02   1.0704857E-02   1.6439235E-02   2.3729715E-02   4.0096918E-02   3.9079466E-02   2.4900296E-02   3.7569210E-02   5.5912507E-02   4.1265470E-02   5.0798370E-03  -1.9888804E-02  -5.7735448E-03   1.7619753E-02   1.9610114E-02   1.3753003E-02   9.9998158E-01
 -8.9400718E-02  -1.1538676E-01  -3.9638500E-01   1.0000000E+00   4.7116171E-03  -8.3565923E-03  -1.4466942E-02  -2.4855528E-02  -5.2457673E-02  -8.4544542E-02  -6.9662484E-02  -1.6975358E-02  -3.6565386E-03  -4.6188914E-02  -7.9996207E-02  -1.0829071E-01  -1.1270185E-01  -7.7127954E-02  -2.3163049E-02   2.0934700E-02   1.9236052E-02  -9.0977039E-03  -3.2036945E-02  -3.7488346E-02  -3.9615086E-01
 -5.8149461E-01   2.8690300E-02  -1.7434481E-02   4.7116171E-03   1.0000000E+00   9.0839027E-01  -5.0995205E-02  -6.5780490E-01  -5.9625594E-01  -1.5607000E-01   2.4206168E-01   3.5858268E-01   2.6328755E-01   5.0831568E-02  -7.4868369E-02  -1.0557572E-01  -6.6317256E-02  -2.7746190E-02  -5.7365523E-03   9.7892626E-03   9.6762923E-03  -1.5513089E-03  -1.1084093E-02  -1.4760546E-02  -1.7472766E-02
 -6.1488240E-01   4.8366875E-02  -6.1570747E-03  -8.3565923E-03   9.0839027E-01   1.0000000E+00   2.8554606E-01  -5.4155560E-01  -6.9983252E-01  -3.6231034E-01   1.0370091E-01   3.2204408E-01   3.1978089E-01   1.5537609E-01   1.0922381E-02  -7.4298045E-02  -7.9373374E-02  -5.4990375E-02  -3.2247240E-02  -1.9893351E-02  -1.7389937E-02  -1.7527816E-02  -1.6929297E-02  -1.4070376E-02  -6.1974831E-03
 -2.4343572E-01   6.8165322E-02   4.1376561E-02  -1.4466942E-02  -5.0995205E-02   2.8554606E-01   1.0000000E+00   5.0933048E-01  -1.8737031E-01  -6.6707933E-01  -5.5263724E-01  -2.0765567E-01   1.5959777E-01   3.5122826E-01   3.0847280E-01   1.3700832E-01  -2.5228166E-02  -9.5266197E-02  -1.1162065E-01  -1.0576121E-01  -7.6047689E-02  -4.5043027E-02  -2.7278105E-02  -1.5433039E-02   4.1332888E-02
  2.1170950E-01   5.3828538E-02   4.1840888E-02  -2.4855528E-02  -6.5780490E-01  -5.4155560E-01   5.0933048E-01   1.0000000E+00   6.6108494E-01  -1.9262224E-01  -6.8356871E-01  -6.1937524E-01  -2.3546323E-01   1.7930347E-01   3.2866847E-01   2.6035712E-01   9.3541812E-02  -2.8648466E-02  -8.8629096E-02  -9.7796578E-02  -7.4733402E-02  -5.1622992E-02  -3.8106071E-02  -2.9251966E-02   4.1863039E-02
  3.5494185E-01   8.2490616E-02   1.4614918E-02  -5.2457673E-02  -5.9625594E-01  -6.9983252E-01  -1.8737031E-01   6.6108494E-01   1.0000000E+00   5.1519463E-01  -3.0292537E-01  -6.8123809E-01  -5.6957293E-01  -1.3419654E-01   1.8298167E-01   2.8953945E-01   2.1927519E-01   9.0809053E-02  -1.2030014E-02  -7.0903241E-02  -9.9515499E-02  -1.0254272E-01  -9.1052231E-02  -8.4044616E-02   1.4673373E-02
  2.8560002E-01   1.1601876E-01   1.0704857E-02  -8.4544542E-02  -1.5607000E-01  -3.6231034E-01  -6.6707933E-01  -1.9262224E-01   5.1519463E-01   1.0000000E+00   5.6924691E-01  -1.4169386E-01  -6.1156171E-01  -5.5222473E-01  -2.3054126E-01   9.6228706E-02   2.7126303E-01   2.5260213E-01   1.4065825E-01   7.3493763E-03  -1.0314361E-01  -1.4584982E-01  -1.4015144E-01  -1.3486250E-01   1.0775045E-02
  6.2886212E-02   6.7804062E-02   1.6439235E-02  -6.9662484E-02   2.4206168E-01   1.0370091E-01  -5.5263724E-01  -6.8356871E-01  -3.0292537E-01   5.6924691E-01   1.0000000E+00   6.5430081E-01  -1.0054640E-01  -6.1785519E-01  -6.0029452E-01  -2.7537953E-01   8.6631706E-02   2.6547735E-01   2.5139081E-01   1.2734037E-01  -1.0152386E-02  -8.3549803E-02  -9.3188050E-02  -8.9245340E-02   1.6429355E-02
 -9.3994180E-02   6.7238460E-03   2.3729715E-02  -1.6975358E-02   3.5858268E-01   3.2204408E-01  -2.0765567E-01  -6.1937524E-01  -6.8123809E-01  -1.4169386E-01   6.5430081E-01   1.0000000E+00   6.0193801E-01  -1.9923251E-01  -6.0879768E-01  -5.7162967E-01  -2.6110103E-01   5.4799807E-02   2.1555693E-01   2.0807889E-01   1.1484708E-01   2.5973652E-02  -1.0876259E-02  -1.5985321E-02   2.3666333E-02
 -1.0928444E-01   3.7882244E-02   4.0096918E-02  -3.6565386E-03   2.6328755E-01   3.1978089E-01   1.5959777E-01  -2.3546323E-01  -5.6957293E-01  -6.1156171E-01  -1.0054640E-01   6.0193801E-01   1.0000000E+00   5.8227485E-01  -7.9887064E-02  -5.1748510E-01  -5.6765137E-01  -3.3461243E-01  -5.0873572E-02   1.1090212E-01   1.3510912E-01   8.2510255E-02   3.6765939E-02   2.2678317E-02   4.0071411E-02
  1.5148750E-02   1.5532985E-01   3.9079466E-02  -4.6188914E-02   5.0831568E-02   1.5537609E-01   3.5122826E-01   1.7930347E-01  -1.3419654E-01  -5.5222473E-01  -6.1785519E-01  -1.9923251E-01   5.8227485E-01   1.0000000E+00   6.9010081E-01   4.8546489E-02  -4.6113127E-01  -5.9249778E-01  -4.3079921E-01  -1.9376613E-01  -2.7623236E-02   2.4275597E-02   1.6449078E-02   7.6236632E-03   3.9170488E-02
  1.7190733E-01   2.9343359E-01   2.4900296E-02  -7.9996207E-02  -7.4868369E-02   1.0922381E-02   3.0847280E-01   3.2866847E-01   1.8298167E-01  -2.3054126E-01  -6.0029452E-01  -6.0879768E-01  -7.9887064E-02   6.9010081E-01   1.0000000E+00   6.9418571E-01   4.5054317E-02  -4.6625237E-01  -6.2741486E-01  -5.0999353E-01  -3.0027607E-01  -1.4325084E-01  -7.4453961E-02  -5.6264484E-02   2.5060934E-02
  2.8448763E-01   3.7496135E-01   3.7569210E-02  -1.0829071E-01  -1.0557572E-01  -7.4298045E-02   1.3700832E-01   2.6035712E-01   2.8953945E-01   9.6228706E-02  -2.7537953E-01  -5.7162967E-01  -5.1748510E-01   4.8546489E-02   6.9418571E-01   1.0000000E+00   6.8831284E-01   3.4647982E-02  -4.9957913E-01  -6.7726414E-01  -5.6201221E-01  -3.4850380E-01  -2.0008790E-01  -1.4756413E-01   3.7700981E-02
  2.8715653E-01   3.5019463E-01   5.5912507E-02  -1.1270185E-01  -6.6317256E-02  -7.9373374E-02  -2.5228166E-02   9.3541812E-02   2.1927519E-01   2.7126303E-01   8.6631706E-02  -2.6110103E-01  -5.6765137E-01  -4.6113127E-01   4.5054317E-02   6.8831284E-01   1.0000000E+00   6.8764299E-01   2.1713634E-02  -5.0216399E-01  -6.5397996E-01  -5.1660136E-01  -3.4202132E-01  -2.6407934E-01   5.5912932E-02
  1.8612432E-01   2.0885536E-01   4.1265470E-02  -7.7127954E-02  -2.7746190E-02  -5.4990375E-02  -9.5266197E-02  -2.8648466E-02   9.0809053E-02   2.5260213E-01   2.6547735E-01   5.4799807E-02  -3.3461243E-01  -5.9249778E-01  -4.6625237E-01   3.4647982E-02   6.8764299E-01   1.0000000E+00   6.8352454E-01   4.0592455E-02  -4.4348930E-01  -5.4142749E-01  -4.4284867E-01  -3.6967243E-01   4.1177340E-02
 -1.8045009E-02  -6.4020155E-02   5.0798370E-03  -2.3163049E-02  -5.7365523E-03  -3.2247240E-02  -1.1162065E-01  -8.8629096E-02  -1.2030014E-02   1.4065825E-01   2.5139081E-01   2.1555693E-01  -5.0873572E-02  -4.3079921E-01  -6.2741486E-01  -4.9957913E-01   2.1713634E-02   6.8352454E-01   1.0000000E+00   6.9984668E-01   9.5844267E-02  -2.8781732E-01  -3.7351537E-01  -3.5615285E-01   5.0146670E-03
 -2.8502656E-01  -4.2243750E-01  -1.9888804E-02   2.0934700E-02   9.7892626E-03  -1.9893351E-02  -1.0576121E-01  -9.7796578E-02  -7.0903241E-02   7.3493763E-03   1.2734037E-01   2.0807889E-01   1.1090212E-01  -1.9376613E-01  -5.0999353E-01  -6.7726414E-01  -5.0216399E-01   4.0592455E-02   6.9984668E-01   1.0000000E+00   7.1865253E-01   2.4047251E-01  -4.1507925E-02  -1.1794647E-01  -1.9851154E-02
 -5.0911487E-01  -7.3378885E-01  -5.7735448E-03   1.9236052E-02   9.6762923E-03  -1.7389937E-02  -7.6047689E-02  -7.4733402E-02  -9.9515499E-02  -1.0314361E-01  -1.0152386E-02   1.1484708E-01   1.3510912E-01  -2.7623236E-02  -3.0027607E-01  -5.6201221E-01  -6.5397996E-01  -4.4348930E-01   9.5844267E-02   7.1865253E-01   1.0000000E+00   7.9717232E-01   4.8796973E-01   3.4543975E-01  -5.7403292E-03
 -5.8004691E-01  -8.3970143E-01   1.7619753E-02  -9.0977039E-03  -1.5513089E-03  -1.7527816E-02  -4.5043027E-02  -5.1622992E-02  -1.0254272E-01  -1.4584982E-01  -8.3549803E-02   2.5973652E-02   8.2510255E-02   2.4275597E-02  -1.4325084E-01  -3.4850380E-01  -5.1660136E-01  -5.4142749E-01  -2.8781732E-01   2.4047251E-01   7.9717232E-01   1.0000000E+00   8.8915393E-01   7.7324952E-01   1.7501377E-02
 -5.3392237E-01  -7.7738641E-01   1.9610114E-02  -3.2036945E-02  -1.1084093E-02  -1.6929297E-02  -2.7278105E-02  -3.8106071E-02  -9.1052231E-02  -1.4015144E-01  -9.3188050E-02  -1.0876259E-02   3.6765939E-02   1.6449078E-02  -7.4453961E-02  -2.0008790E-01  -3.4202132E-01  -4.4284867E-01  -3.7351537E-01  -4.1507925E-02   4.8796973E-01   8.8915393E-01   1.0000000E+00   9.7008966E-01   1.9365266E-02
 -4.8802983E-01  -7.0914408E-01   1.3753003E-02  -3.7488346E-02  -1.4760546E-02  -1.4070376E-02  -1.5433039E-02  -2.9251966E-02  -8.4044616E-02  -1.3486250E-01  -8.9245340E-02  -1.5985321E-02   2.2678317E-02   7.6236632E-03  -5.6264484E-02  -1.4756413E-01  -2.6407934E-01  -3.6967243E-01  -3.5615285E-01  -1.1794647E-01   3.4543975E-01   7.7324952E-01   9.7008966E-01   1.0000000E+00   1.3470408E-02
  1.1334400E-01   1.5205483E-01   9.9998158E-01  -3.9615086E-01  -1.7472766E-02  -6.1974831E-03   4.1332888E-02   4.1863039E-02   1.4673373E-02   1.0775045E-02   1.6429355E-02   2.3666333E-02   4.0071411E-02   3.9170488E-02   2.5060934E-02   3.7700981E-02   5.5912932E-02   4.1177340E-02   5.0146670E-03  -1.9851154E-02  -5.7403292E-03   1.7501377E-02   1.9365266E-02   1.3470408E-02   1.0000000E+00
