# H0 omegabh2 omegach2 DDE_w0 DDE_w1 DDE_w2 DDE_w3 DDE_w4 DDE_w5 DDE_w6 DDE_w7 DDE_w8 DDE_w9 DDE_w10 DDE_w11 DDE_w12 DDE_w13 DDE_w14 DDE_w15 DDE_w16 DDE_w17 DDE_w18 DDE_w19 DDE_w20 DDE_w21 DDE_w22 DDE_w23 DDE_w24 DDE_w25 DDE_w26 DDE_w27 DDE_w28 DDE_w29
  9.1603970E-01  -5.7374573E-07   6.5271795E-05  -1.0778716E-01  -9.5156139E-02  -8.0740707E-02  -5.8084188E-02  -3.4912462E-02  -1.5824354E-02  -3.7241351E-03   5.5275742E-04  -2.3089375E-03  -8.5523311E-03  -1.7071122E-02  -2.4864136E-02  -2.9320815E-02  -2.9513837E-02  -2.5289777E-02  -1.8528576E-02  -1.0986423E-02  -4.4302716E-03  -1.5892634E-03  -3.5212782E-03  -7.8682088E-03  -1.2978188E-02  -1.6868807E-02  -1.8420938E-02  -2.0484265E-02  -2.4869573E-02  -2.9119929E-02  -3.1025533E-02  -3.2929654E-02  -3.4004345E-02
 -5.7374573E-07   2.5131081E-08  -1.3281353E-07   1.0606991E-06   5.6266861E-07   4.4248198E-07   5.4491112E-07   7.4824033E-07   5.1651139E-07   1.5212087E-07  -1.7141933E-07  -3.1567612E-07  -3.9218632E-07  -8.1729787E-08   6.3812462E-07   1.6228412E-06   2.7947398E-06   4.1887099E-06   5.7904565E-06   7.2549613E-06   8.4019565E-06   9.5116814E-06   1.0504722E-05   1.1056812E-05   1.1009501E-05   1.0470135E-05   9.7752937E-06   9.2782719E-06   9.0083572E-06   8.9666546E-06   9.1820354E-06   9.4199537E-06   9.5542355E-06
  6.5271795E-05  -1.3281353E-07   1.9418165E-06  -5.7793937E-06   1.2544705E-07   4.8764384E-07  -6.3975092E-07  -3.6996777E-06  -4.2893346E-06  -3.4043171E-06  -9.7003307E-07  -6.9769991E-07  -1.4625388E-06  -5.5457811E-06  -1.1293928E-05  -2.0149003E-05  -3.2795533E-05  -4.9315522E-05  -6.8365062E-05  -8.7334590E-05  -1.0518526E-04  -1.2061414E-04  -1.3365790E-04  -1.4094523E-04  -1.4065447E-04  -1.3372144E-04  -1.2365676E-04  -1.1348085E-04  -1.0515062E-04  -9.9709838E-05  -9.8051639E-05  -9.6750131E-05  -9.6015557E-05
 -1.0778716E-01   1.0606991E-06  -5.7793937E-06   4.6606285E-02   3.9056731E-02   2.9421002E-02   1.4797246E-02   8.2108128E-04  -1.0613247E-02  -1.7786460E-02  -2.0409381E-02  -1.9031999E-02  -1.4795568E-02  -9.1505885E-03  -3.6005898E-03   1.0055853E-03   4.1286587E-03   5.9926940E-03   6.0990180E-03   4.3884700E-03   2.1200377E-03   4.4819339E-04  -2.7387689E-04  -5.3025574E-04  -1.1804794E-03  -2.1675746E-03  -2.9893400E-03  -3.1211293E-03  -2.5376809E-03  -1.7485395E-03  -1.1670244E-03  -7.6842874E-04  -5.4346022E-04
 -9.5156139E-02   5.6266861E-07   1.2544705E-07   3.9056731E-02   3.4536427E-02   2.7518894E-02   1.5624497E-02   3.1038309E-03  -7.8304141E-03  -1.5290450E-02  -1.8661816E-02  -1.8254192E-02  -1.5001694E-02  -1.0174044E-02  -5.0853575E-03  -6.1967197E-04   2.6507498E-03   4.8544108E-03   5.4709975E-03   4.3446911E-03   2.5515563E-03   1.1374947E-03   4.6307826E-04   1.6102032E-04  -5.2589536E-04  -1.5179877E-03  -2.4495349E-03  -2.7547494E-03  -2.4157803E-03  -1.9121948E-03  -1.5006010E-03  -1.1467287E-03  -9.4700215E-04
 -8.0740707E-02   4.4248198E-07   4.8764384E-07   2.9421002E-02   2.7518894E-02   2.4156251E-02   1.6483500E-02   6.5629036E-03  -3.2699288E-03  -1.0959950E-02  -1.5408481E-02  -1.6500311E-02  -1.4776495E-02  -1.1168134E-02  -6.7989237E-03  -2.6413292E-03   7.1101581E-04   3.2570058E-03   4.4558012E-03   4.0819117E-03   2.9362044E-03   1.9261132E-03   1.4662595E-03   1.2499912E-03   6.2474314E-04  -2.4778968E-04  -1.1755844E-03  -1.6617946E-03  -1.6892283E-03  -1.6271955E-03  -1.4912398E-03  -1.3012995E-03  -1.1940967E-03
 -5.8084188E-02   5.4491112E-07  -6.3975092E-07   1.4797246E-02   1.5624497E-02   1.6483500E-02   1.5821196E-02   1.1581951E-02   4.8898535E-03  -2.3302997E-03  -8.2893214E-03  -1.2030538E-02  -1.3284905E-02  -1.2287051E-02  -9.7342847E-03  -6.6254433E-03  -3.4878277E-03  -5.5381300E-04   1.6204717E-03   2.7969745E-03   3.2052359E-03   3.3422452E-03   3.5763940E-03   3.6664258E-03   3.2608509E-03   2.6224947E-03   1.7214251E-03   9.1370953E-04   3.1558738E-04  -2.4952918E-04  -4.7956451E-04  -5.4157599E-04  -5.7657544E-04
 -3.4912462E-02   7.4824033E-07  -3.6996777E-06   8.2108128E-04   3.1038309E-03   6.5629036E-03   1.1581951E-02   1.4161896E-02   1.2719961E-02   7.8110441E-03   1.4752719E-03  -4.5822117E-03  -9.1119776E-03  -1.1485272E-02  -1.1731750E-02  -1.0609778E-02  -8.4540159E-03  -5.6824360E-03  -2.7833733E-03  -5.1633753E-06   2.2168874E-03   3.8894349E-03   5.2116237E-03   6.0160959E-03   6.2778524E-03   6.2349344E-03   5.6641351E-03   4.8335059E-03   3.9844974E-03   3.1177247E-03   2.6961149E-03   2.4848526E-03   2.3656156E-03
 -1.5824354E-02   5.1651139E-07  -4.2893346E-06  -1.0613247E-02  -7.8304141E-03  -3.2699288E-03   4.8898535E-03   1.2719961E-02   1.7580869E-02   1.7272773E-02   1.2635568E-02   5.5883897E-03  -1.7295781E-03  -7.6224041E-03  -1.1297756E-02  -1.2942469E-02  -1.2604782E-02  -1.0744627E-02  -7.8007388E-03  -4.0747906E-03  -5.5943849E-04   2.3461227E-03   4.6532954E-03   6.2695597E-03   7.4693014E-03   8.3434484E-03   8.5529774E-03   8.2738844E-03   7.7018051E-03   6.9900825E-03   6.5886395E-03   6.4101350E-03   6.3093865E-03
 -3.7241351E-03   1.5212087E-07  -3.4043171E-06  -1.7786460E-02  -1.5290450E-02  -1.0959950E-02  -2.3302997E-03   7.8110441E-03   1.7272773E-02   2.2777534E-02   2.2387890E-02   1.6771510E-02   8.3609051E-03  -2.1398257E-04  -7.2932229E-03  -1.2148748E-02  -1.4351836E-02  -1.4257033E-02  -1.2236515E-02  -8.6426738E-03  -4.7603374E-03  -1.2107041E-03   1.7843845E-03   4.0929464E-03   6.1820202E-03   8.0107437E-03   9.1536431E-03   9.7073250E-03   9.7082954E-03   9.4115549E-03   9.1775552E-03   9.1208040E-03   9.0887735E-03
  5.5275742E-04  -1.7141933E-07  -9.7003307E-07  -2.0409381E-02  -1.8661816E-02  -1.5408481E-02  -8.2893214E-03   1.4752719E-03   1.2635568E-02   2.2387890E-02   2.7652364E-02   2.6341597E-02   1.9513330E-02   1.0053869E-02   3.9409382E-04  -7.6878042E-03  -1.3030542E-02  -1.5568389E-02  -1.5521492E-02  -1.3245881E-02  -1.0031666E-02  -6.5930709E-03  -3.3682084E-03  -5.5627935E-04   2.3561210E-03   5.2208786E-03   7.5717479E-03   9.3240436E-03   1.0400042E-02   1.0977247E-02   1.1132526E-02   1.1277531E-02   1.1359372E-02
 -2.3089375E-03  -3.1567612E-07  -6.9769991E-07  -1.9031999E-02  -1.8254192E-02  -1.6500311E-02  -1.2030538E-02  -4.5822117E-03   5.5883897E-03   1.6771510E-02   2.6341597E-02   3.1100527E-02   2.9035053E-02   2.1609861E-02   1.1437082E-02   1.0508894E-03  -7.4908457E-03  -1.3370051E-02  -1.6332973E-02  -1.6605600E-02  -1.5178290E-02  -1.2771045E-02  -9.9662159E-03  -6.9694441E-03  -3.4212990E-03   3.5926770E-04   3.9126768E-03   6.8863343E-03   9.1210062E-03   1.0600444E-02   1.1088223E-02   1.1347701E-02   1.1494152E-02
 -8.5523311E-03  -3.9218632E-07  -1.4625388E-06  -1.4795568E-02  -1.5001694E-02  -1.4776495E-02  -1.3284905E-02  -9.1119776E-03  -1.7295781E-03   8.3609051E-03   1.9513330E-02   2.9035053E-02   3.3589864E-02   3.1453452E-02   2.3797737E-02   1.3240982E-02   2.5245166E-03  -6.6680789E-03  -1.3256907E-02  -1.7127570E-02  -1.8718310E-02  -1.8545183E-02  -1.7195594E-02  -1.4825494E-02  -1.1313406E-02  -7.2073128E-03  -2.9092492E-03   1.0042487E-03   4.2046323E-03   6.4183252E-03   7.1756935E-03   7.5453138E-03   7.7539286E-03
 -1.7071122E-02  -8.1729787E-08  -5.5457811E-06  -9.1505885E-03  -1.0174044E-02  -1.1168134E-02  -1.2287051E-02  -1.1485272E-02  -7.6224041E-03  -2.1398257E-04   1.0053869E-02   2.1609861E-02   3.1453452E-02   3.6321351E-02   3.4375322E-02   2.6785004E-02   1.6119899E-02   4.6767628E-03  -5.4176796E-03  -1.3391680E-02  -1.8895350E-02  -2.2025455E-02  -2.3264708E-02  -2.2679163E-02  -2.0403419E-02  -1.7093121E-02  -1.3094591E-02  -9.1239639E-03  -5.5780375E-03  -2.9436955E-03  -1.9854142E-03  -1.4682682E-03  -1.1763896E-03
 -2.4864136E-02   6.3812462E-07  -1.1293928E-05  -3.6005898E-03  -5.0853575E-03  -6.7989237E-03  -9.7342847E-03  -1.1731750E-02  -1.1297756E-02  -7.2932229E-03   3.9409382E-04   1.1437082E-02   2.3797737E-02   3.4375322E-02   3.9900817E-02   3.8467267E-02   3.0817084E-02   1.9201281E-02   6.6388206E-03  -5.1773278E-03  -1.4957568E-02  -2.2177409E-02  -2.7000379E-02  -2.9405242E-02  -2.9624023E-02  -2.8191307E-02  -2.5369727E-02  -2.1984468E-02  -1.8463220E-02  -1.5448199E-02  -1.4191940E-02  -1.3389510E-02  -1.2936617E-02
 -2.9320815E-02   1.6228412E-06  -2.0149003E-05   1.0055853E-03  -6.1967197E-04  -2.6413292E-03  -6.6254433E-03  -1.0609778E-02  -1.2942469E-02  -1.2148748E-02  -7.6878042E-03   1.0508894E-03   1.3240982E-02   2.6785004E-02   3.8467267E-02   4.4938022E-02   4.3532685E-02   3.4849161E-02   2.2105041E-02   7.7839607E-03  -5.8818339E-03  -1.7595692E-02  -2.6791598E-02  -3.3279397E-02  -3.7186392E-02  -3.8821432E-02  -3.8387999E-02  -3.6677117E-02  -3.4078536E-02  -3.1265817E-02  -2.9889572E-02  -2.8881281E-02  -2.8312199E-02
 -2.9513837E-02   2.7947398E-06  -3.2795533E-05   4.1286587E-03   2.6507498E-03   7.1101581E-04  -3.4878277E-03  -8.4540159E-03  -1.2604782E-02  -1.4351836E-02  -1.3030542E-02  -7.4908457E-03   2.5245166E-03   1.6119899E-02   3.0817084E-02   4.3532685E-02   5.0069469E-02   4.7734933E-02   3.8214229E-02   2.4075429E-02   8.1267196E-03  -7.5368037E-03  -2.1334309E-02  -3.2663047E-02  -4.1253758E-02  -4.7107196E-02  -5.0339766E-02  -5.1517091E-02  -5.0961891E-02  -4.9291909E-02  -4.8232671E-02  -4.7315972E-02  -4.6798584E-02
 -2.5289777E-02   4.1887099E-06  -4.9315522E-05   5.9926940E-03   4.8544108E-03   3.2570058E-03  -5.5381300E-04  -5.6824360E-03  -1.0744627E-02  -1.4257033E-02  -1.5568389E-02  -1.3370051E-02  -6.6680789E-03   4.6767628E-03   1.9201281E-02   3.4849161E-02   4.7734933E-02   5.3610059E-02   5.0796412E-02   4.0380435E-02   2.5000100E-02   7.2240730E-03  -1.0322039E-02  -2.6381129E-02  -4.0026476E-02  -5.0733364E-02  -5.8419632E-02  -6.3315070E-02  -6.5624718E-02  -6.5938081E-02  -6.5714954E-02  -6.5276079E-02  -6.5028377E-02
 -1.8528576E-02   5.7904565E-06  -6.8365062E-05   6.0990180E-03   5.4709975E-03   4.4558012E-03   1.6204717E-03  -2.7833733E-03  -7.8007388E-03  -1.2236515E-02  -1.5521492E-02  -1.6332973E-02  -1.3256907E-02  -5.4176796E-03   6.6388206E-03   2.2105041E-02   3.8214229E-02   5.0796412E-02   5.6453507E-02   5.3204870E-02   4.1944247E-02   2.5040949E-02   5.7704185E-03  -1.3848415E-02  -3.2094559E-02  -4.7746647E-02  -6.0358759E-02  -6.9671964E-02  -7.5603029E-02  -7.8706406E-02  -7.9778499E-02  -8.0177224E-02  -8.0402266E-02
 -1.0986423E-02   7.2549613E-06  -8.7334590E-05   4.3884700E-03   4.3446911E-03   4.0819117E-03   2.7969745E-03  -5.1633753E-06  -4.0747906E-03  -8.6426738E-03  -1.3245881E-02  -1.6605600E-02  -1.7127570E-02  -1.3391680E-02  -5.1773278E-03   7.7839607E-03   2.4075429E-02   4.0380435E-02   5.3204870E-02   5.9065390E-02   5.5570023E-02   4.3297241E-02   2.5413522E-02   4.4718116E-03  -1.7012368E-02  -3.7035911E-02  -5.4566203E-02  -6.8675897E-02  -7.8711135E-02  -8.5133497E-02  -8.7773826E-02  -8.9164608E-02  -8.9949570E-02
 -4.4302716E-03   8.4019565E-06  -1.0518526E-04   2.1200377E-03   2.5515563E-03   2.9362044E-03   3.2052359E-03   2.2168874E-03  -5.5943849E-04  -4.7603374E-03  -1.0031666E-02  -1.5178290E-02  -1.8718310E-02  -1.8895350E-02  -1.4957568E-02  -5.8818339E-03   8.1267196E-03   2.5000100E-02   4.1944247E-02   5.5570023E-02   6.1906579E-02   5.8181329E-02   4.5669019E-02   2.6757801E-02   4.5044702E-03  -1.8381818E-02  -4.0046876E-02  -5.8659890E-02  -7.2749754E-02  -8.2490359E-02  -8.6650155E-02  -8.8987972E-02  -9.0307443E-02
 -1.5892634E-03   9.5116814E-06  -1.2061414E-04   4.4819339E-04   1.1374947E-03   1.9261132E-03   3.3422452E-03   3.8894349E-03   2.3461227E-03  -1.2107041E-03  -6.5930709E-03  -1.2771045E-02  -1.8545183E-02  -2.2025455E-02  -2.2177409E-02  -1.7595692E-02  -7.5368037E-03   7.2240730E-03   2.5040949E-02   4.3297241E-02   5.8181329E-02   6.5337146E-02   6.2375479E-02   4.9837226E-02   3.0587886E-02   7.6954894E-03  -1.6098187E-02  -3.7975426E-02  -5.5472478E-02  -6.8234409E-02  -7.3885604E-02  -7.7170565E-02  -7.9024606E-02
 -3.5212782E-03   1.0504722E-05  -1.3365790E-04  -2.7387689E-04   4.6307826E-04   1.4662595E-03   3.5763940E-03   5.2116237E-03   4.6532954E-03   1.7843845E-03  -3.3682084E-03  -9.9662159E-03  -1.7195594E-02  -2.3264708E-02  -2.7000379E-02  -2.6791598E-02  -2.1334309E-02  -1.0322039E-02   5.7704185E-03   2.5413522E-02   4.5669019E-02   6.2375479E-02   7.1131737E-02   6.9048358E-02   5.7190496E-02   3.8226136E-02   1.5494471E-02  -7.1902099E-03  -2.6435944E-02  -4.1174118E-02  -4.7926811E-02  -5.1976391E-02  -5.4261986E-02
 -7.8682088E-03   1.1056812E-05  -1.4094523E-04  -5.3025574E-04   1.6102032E-04   1.2499912E-03   3.6664258E-03   6.0160959E-03   6.2695597E-03   4.0929464E-03  -5.5627935E-04  -6.9694441E-03  -1.4825494E-02  -2.2679163E-02  -2.9405242E-02  -3.3279397E-02  -3.2663047E-02  -2.6381129E-02  -1.3848415E-02   4.4718116E-03   2.6757801E-02   4.9837226E-02   6.9048358E-02   7.9895626E-02   7.9974433E-02   6.9861350E-02   5.2731636E-02   3.2940172E-02   1.4594533E-02  -3.6304384E-04  -7.4931709E-03  -1.1975327E-02  -1.4505069E-02
 -1.2978188E-02   1.1009501E-05  -1.4065447E-04  -1.1804794E-03  -5.2589536E-04   6.2474314E-04   3.2608509E-03   6.2778524E-03   7.4693014E-03   6.1820202E-03   2.3561210E-03  -3.4212990E-03  -1.1313406E-02  -2.0403419E-02  -2.9624023E-02  -3.7186392E-02  -4.1253758E-02  -4.0026476E-02  -3.2094559E-02  -1.7012368E-02   4.5044702E-03   3.0587886E-02   5.7190496E-02   7.9974433E-02   9.4569239E-02   9.7912760E-02   9.1389733E-02   7.8852674E-02   6.4633584E-02   5.1666007E-02   4.5111539E-02   4.0734713E-02   3.8264421E-02
 -1.6868807E-02   1.0470135E-05  -1.3372144E-04  -2.1675746E-03  -1.5179877E-03  -2.4778968E-04   2.6224947E-03   6.2349344E-03   8.3434484E-03   8.0107437E-03   5.2208786E-03   3.5926770E-04  -7.2073128E-03  -1.7093121E-02  -2.8191307E-02  -3.8821432E-02  -4.7107196E-02  -5.0733364E-02  -4.7746647E-02  -3.7035911E-02  -1.8381818E-02   7.6954894E-03   3.8226136E-02   6.9861350E-02   9.7912760E-02   1.1735800E-01   1.2615275E-01   1.2578915E-01   1.1981117E-01   1.1187820E-01   1.0729188E-01   1.0385174E-01   1.0191012E-01
 -1.8420938E-02   9.7752937E-06  -1.2365676E-04  -2.9893400E-03  -2.4495349E-03  -1.1755844E-03   1.7214251E-03   5.6641351E-03   8.5529774E-03   9.1536431E-03   7.5717479E-03   3.9126768E-03  -2.9092492E-03  -1.3094591E-02  -2.5369727E-02  -3.8387999E-02  -5.0339766E-02  -5.8419632E-02  -6.0358759E-02  -5.4566203E-02  -4.0046876E-02  -1.6098187E-02   1.5494471E-02   5.2731636E-02   9.1389733E-02   1.2615275E-01   1.5299153E-01   1.6934917E-01   1.7605822E-01   1.7671456E-01   1.7573166E-01   1.7430154E-01   1.7349438E-01
 -2.0484265E-02   9.2782719E-06  -1.1348085E-04  -3.1211293E-03  -2.7547494E-03  -1.6617946E-03   9.1370953E-04   4.8335059E-03   8.2738844E-03   9.7073250E-03   9.3240436E-03   6.8863343E-03   1.0042487E-03  -9.1239639E-03  -2.1984468E-02  -3.6677117E-02  -5.1517091E-02  -6.3315070E-02  -6.9671964E-02  -6.8675897E-02  -5.8659890E-02  -3.7975426E-02  -7.1902099E-03   3.2940172E-02   7.8852674E-02   1.2578915E-01   1.6934917E-01   2.0457846E-01   2.2766935E-01   2.4039170E-01   2.4478763E-01   2.4647091E-01   2.4742095E-01
 -2.4869573E-02   9.0083572E-06  -1.0515062E-04  -2.5376809E-03  -2.4157803E-03  -1.6892283E-03   3.1558738E-04   3.9844974E-03   7.7018051E-03   9.7082954E-03   1.0400042E-02   9.1210062E-03   4.2046323E-03  -5.5780375E-03  -1.8463220E-02  -3.4078536E-02  -5.0961891E-02  -6.5624718E-02  -7.5603029E-02  -7.8711135E-02  -7.2749754E-02  -5.5472478E-02  -2.6435944E-02   1.4594533E-02   6.4633584E-02   1.1981117E-01   1.7605822E-01   2.2766935E-01   2.6773269E-01   2.9448773E-01   3.0554626E-01   3.1118894E-01   3.1437369E-01
 -2.9119929E-02   8.9666546E-06  -9.9709838E-05  -1.7485395E-03  -1.9121948E-03  -1.6271955E-03  -2.4952918E-04   3.1177247E-03   6.9900825E-03   9.4115549E-03   1.0977247E-02   1.0600444E-02   6.4183252E-03  -2.9436955E-03  -1.5448199E-02  -3.1265817E-02  -4.9291909E-02  -6.5938081E-02  -7.8706406E-02  -8.5133497E-02  -8.2490359E-02  -6.8234409E-02  -4.1174118E-02  -3.6304384E-04   5.1666007E-02   1.1187820E-01   1.7671456E-01   2.4039170E-01   2.9448773E-01   3.3531696E-01   3.5411959E-01   3.6466518E-01   3.7061714E-01
 -3.1025533E-02   9.1820354E-06  -9.8051639E-05  -1.1670244E-03  -1.5006010E-03  -1.4912398E-03  -4.7956451E-04   2.6961149E-03   6.5886395E-03   9.1775552E-03   1.1132526E-02   1.1088223E-02   7.1756935E-03  -1.9854142E-03  -1.4191940E-02  -2.9889572E-02  -4.8232671E-02  -6.5714954E-02  -7.9778499E-02  -8.7773826E-02  -8.6650155E-02  -7.3885604E-02  -4.7926811E-02  -7.4931709E-03   4.5111539E-02   1.0729188E-01   1.7573166E-01   2.4478763E-01   3.0554626E-01   3.5411959E-01   3.7836919E-01   3.9265283E-01   4.0071455E-01
 -3.2929654E-02   9.4199537E-06  -9.6750131E-05  -7.6842874E-04  -1.1467287E-03  -1.3012995E-03  -5.4157599E-04   2.4848526E-03   6.4101350E-03   9.1208040E-03   1.1277531E-02   1.1347701E-02   7.5453138E-03  -1.4682682E-03  -1.3389510E-02  -2.8881281E-02  -4.7315972E-02  -6.5276079E-02  -8.0177224E-02  -8.9164608E-02  -8.8987972E-02  -7.7170565E-02  -5.1976391E-02  -1.1975327E-02   4.0734713E-02   1.0385174E-01   1.7430154E-01   2.4647091E-01   3.1118894E-01   3.6466518E-01   3.9265283E-01   4.1061634E-01   4.2075500E-01
 -3.4004345E-02   9.5542355E-06  -9.6015557E-05  -5.4346022E-04  -9.4700215E-04  -1.1940967E-03  -5.7657544E-04   2.3656156E-03   6.3093865E-03   9.0887735E-03   1.1359372E-02   1.1494152E-02   7.7539286E-03  -1.1763896E-03  -1.2936617E-02  -2.8312199E-02  -4.6798584E-02  -6.5028377E-02  -8.0402266E-02  -8.9949570E-02  -9.0307443E-02  -7.9024606E-02  -5.4261986E-02  -1.4505069E-02   3.8264421E-02   1.0191012E-01   1.7349438E-01   2.4742095E-01   3.1437369E-01   3.7061714E-01   4.0071455E-01   4.2075500E-01   4.3206588E-01
