  1.0000000E+00   6.8854875E-01   8.4425371E-02  -1.0515085E-01  -5.2514039E-01  -5.4911700E-01  -5.2837470E-01  -2.2117713E-01   9.2811766E-02   2.6629117E-01   3.5167730E-01   3.5091345E-01   3.1799766E-01   3.0180765E-01   2.9153021E-01   2.5812335E-01   1.7526081E-01  -1.9988354E-03  -2.7769125E-01  -5.0217992E-01  -5.8583783E-01  -5.8271233E-01  -5.5354044E-01  -5.3612222E-01   8.4423152E-02
  6.8854875E-01   1.0000000E+00   1.4252800E-01  -1.6135737E-01   1.0500439E-01   1.2424641E-01   1.4366222E-01   1.0552024E-01   4.1543700E-02   3.4140223E-02   9.6762591E-02   2.0058533E-01   3.1872782E-01   4.3503170E-01   4.9931514E-01   4.7993494E-01   3.6152560E-01   8.5312664E-02  -3.4155378E-01  -7.0453929E-01  -8.5600742E-01  -8.6439760E-01  -8.2655709E-01  -8.0218493E-01   1.4257048E-01
  8.4425371E-02   1.4252800E-01   1.0000000E+00  -4.2810334E-01   2.9214939E-02   3.0648860E-02   2.3182855E-02   1.5198226E-02   4.6647650E-02   7.3796811E-02   8.1543094E-02   7.5042427E-02   6.7907032E-02   5.9751735E-02   4.9993247E-02   4.5105947E-02   5.0375984E-02   6.2356781E-02   7.3026700E-02   6.9728181E-02   5.2015329E-02   3.2400880E-02   1.6643919E-02   8.4321685E-03   9.9998100E-01
 -1.0515085E-01  -1.6135737E-01  -4.2810334E-01   1.0000000E+00  -4.8458708E-02  -5.7083429E-02  -7.8195389E-02  -8.2523118E-02  -6.9177349E-02  -5.9664605E-02  -7.7127000E-02  -1.0552181E-01  -1.2855262E-01  -1.4334378E-01  -1.4663919E-01  -1.3964497E-01  -1.2914047E-01  -1.1514297E-01  -9.0816914E-02  -5.5068376E-02  -2.2004790E-02   2.7830696E-03   1.9086116E-02   2.5799621E-02  -4.2812988E-01
 -5.2514039E-01   1.0500439E-01   2.9214939E-02  -4.8458708E-02   1.0000000E+00   9.7308829E-01   7.0716881E-01  -4.2403958E-02  -5.1551959E-01  -6.0401560E-01  -4.4896060E-01  -1.6135070E-01   8.6724955E-02   2.2475280E-01   2.5735346E-01   2.1938252E-01   1.5310289E-01   6.8105898E-02  -1.6978612E-02  -8.1531238E-02  -1.1290489E-01  -1.1769045E-01  -1.1296499E-01  -1.0868821E-01   2.9315098E-02
 -5.4911700E-01   1.2424641E-01   3.0648860E-02  -5.7083429E-02   9.7308829E-01   1.0000000E+00   8.3544054E-01   1.0698080E-01  -4.5770075E-01  -6.2884488E-01  -5.2252832E-01  -2.4125589E-01   3.1523695E-02   2.0271486E-01   2.6413897E-01   2.4772059E-01   1.9304029E-01   1.0645003E-01   5.7978899E-03  -8.2170511E-02  -1.3036904E-01  -1.4242715E-01  -1.4018604E-01  -1.3689600E-01   3.0723072E-02
 -5.2837470E-01   1.4366222E-01   2.3182855E-02  -7.8195389E-02   7.0716881E-01   8.3544054E-01   1.0000000E+00   5.8743114E-01  -8.3346212E-02  -4.9077873E-01  -6.1084758E-01  -4.6071882E-01  -1.9303450E-01   4.6046135E-02   1.9494088E-01   2.6101494E-01   2.6645622E-01   2.0537583E-01   8.5060037E-02  -5.1259776E-02  -1.3661274E-01  -1.6799736E-01  -1.7508921E-01  -1.7552987E-01   2.3181580E-02
 -2.2117713E-01   1.0552024E-01   1.5198226E-02  -8.2523118E-02  -4.2403958E-02   1.0698080E-01   5.8743114E-01   1.0000000E+00   7.0231291E-01   1.7657787E-01  -3.1289676E-01  -5.5894347E-01  -5.0934491E-01  -3.0396160E-01  -8.1794762E-02   9.7169011E-02   2.0950661E-01   2.3824427E-01   1.6830063E-01   4.0455497E-02  -5.4359764E-02  -1.0174761E-01  -1.2159799E-01  -1.2718772E-01   1.5080372E-02
  9.2811766E-02   4.1543700E-02   4.6647650E-02  -6.9177349E-02  -5.1551959E-01  -4.5770075E-01  -8.3346212E-02   7.0231291E-01   1.0000000E+00   7.8255164E-01   2.5456865E-01  -2.7578974E-01  -5.2671437E-01  -5.0583215E-01  -3.4494703E-01  -1.5118324E-01   1.1750454E-02   1.2174534E-01   1.5242396E-01   1.1015625E-01   5.4835533E-02   1.4333394E-02  -6.3309418E-03  -1.2471169E-02   4.6506431E-02
  2.6629117E-01   3.4140223E-02   7.3796811E-02  -5.9664605E-02  -6.0401560E-01  -6.2884488E-01  -4.9077873E-01   1.7657787E-01   7.8255164E-01   1.0000000E+00   7.6181092E-01   2.0640714E-01  -2.7406262E-01  -4.8990512E-01  -4.8347342E-01  -3.6237226E-01  -2.1014716E-01  -5.8820552E-02   5.6160318E-02   1.0092053E-01   9.3263697E-02   7.1578546E-02   5.8591214E-02   5.4620598E-02   7.3704499E-02
  3.5167730E-01   9.6762591E-02   8.1543094E-02  -7.7127000E-02  -4.4896060E-01  -5.2252832E-01  -6.1084758E-01  -3.1289676E-01   2.5456865E-01   7.6181092E-01   1.0000000E+00   7.5026589E-01   2.3326236E-01  -1.9923876E-01  -4.2185186E-01  -4.6846371E-01  -4.1026394E-01  -2.9069027E-01  -1.4272260E-01  -2.1135698E-02   3.6238988E-02   5.4011610E-02   5.9423062E-02   6.0230494E-02   8.1537672E-02
  3.5091345E-01   2.0058533E-01   7.5042427E-02  -1.0552181E-01  -1.6135070E-01  -2.4125589E-01  -4.6071882E-01  -5.5894347E-01  -2.7578974E-01   2.0640714E-01   7.5026589E-01   1.0000000E+00   7.7770756E-01   3.2384125E-01  -9.2085313E-02  -3.5751691E-01  -4.7506363E-01  -4.7949540E-01  -3.8138192E-01  -2.2579115E-01  -1.0710488E-01  -4.1835845E-02  -1.2376938E-02  -4.4740454E-03   7.5161185E-02
  3.1799766E-01   3.1872782E-01   6.7907032E-02  -1.2855262E-01   8.6724955E-02   3.1523695E-02  -1.9303450E-01  -5.0934491E-01  -5.2671437E-01  -2.7406262E-01   2.3326236E-01   7.7770756E-01   1.0000000E+00   8.0944427E-01   3.9737572E-01  -1.5186054E-02  -3.2415596E-01  -5.1819960E-01  -5.6291176E-01  -4.5078038E-01  -3.0509755E-01  -2.0138619E-01  -1.4743133E-01  -1.3092994E-01   6.8136516E-02
  3.0180765E-01   4.3503170E-01   5.9751735E-02  -1.4334378E-01   2.2475280E-01   2.0271486E-01   4.6046135E-02  -3.0396160E-01  -5.0583215E-01  -4.8990512E-01  -1.9923876E-01   3.2384125E-01   8.0944427E-01   1.0000000E+00   8.3001992E-01   4.4582734E-01   1.8968734E-02  -3.7192613E-01  -6.2721512E-01  -6.4107682E-01  -5.1787633E-01  -3.9452139E-01  -3.1954989E-01  -2.9381124E-01   5.9982899E-02
  2.9153021E-01   4.9931514E-01   4.9993247E-02  -1.4663919E-01   2.5735346E-01   2.6413897E-01   1.9494088E-01  -8.1794762E-02  -3.4494703E-01  -4.8347342E-01  -4.2185186E-01  -9.2085313E-02   3.9737572E-01   8.3001992E-01   1.0000000E+00   8.4368050E-01   4.5914273E-01  -4.4815778E-02  -5.0930549E-01  -7.0978405E-01  -6.7155453E-01  -5.6556060E-01  -4.8533073E-01  -4.5409405E-01   5.0077989E-02
  2.5812335E-01   4.7993494E-01   4.5105947E-02  -1.3964497E-01   2.1938252E-01   2.4772059E-01   2.6101494E-01   9.7169011E-02  -1.5118324E-01  -3.6237226E-01  -4.6846371E-01  -3.5751691E-01  -1.5186054E-02   4.4582734E-01   8.4368050E-01   1.0000000E+00   8.4023225E-01   3.9046041E-01  -1.9740647E-01  -6.0131658E-01  -7.0523534E-01  -6.6247037E-01  -6.0051961E-01  -5.7138757E-01   4.5038008E-02
  1.7526081E-01   3.6152560E-01   5.0375984E-02  -1.2914047E-01   1.5310289E-01   1.9304029E-01   2.6645622E-01   2.0950661E-01   1.1750454E-02  -2.1014716E-01  -4.1026394E-01  -4.7506363E-01  -3.2415596E-01   1.8968734E-02   4.5914273E-01   8.4023225E-01   1.0000000E+00   8.0433672E-01   2.6294273E-01  -2.9435368E-01  -5.7322816E-01  -6.3956786E-01  -6.2501859E-01  -6.0820968E-01   5.0224888E-02
 -1.9988354E-03   8.5312664E-02   6.2356781E-02  -1.1514297E-01   6.8105898E-02   1.0645003E-01   2.0537583E-01   2.3824427E-01   1.2174534E-01  -5.8820552E-02  -2.9069027E-01  -4.7949540E-01  -5.1819960E-01  -3.7192613E-01  -4.4815778E-02   3.9046041E-01   8.0433672E-01   1.0000000E+00   7.5939010E-01   2.2192197E-01  -1.9677229E-01  -3.9814507E-01  -4.6125578E-01  -4.6979805E-01   6.2187303E-02
 -2.7769125E-01  -3.4155378E-01   7.3026700E-02  -9.0816914E-02  -1.6978612E-02   5.7978899E-03   8.5060037E-02   1.6830063E-01   1.5242396E-01   5.6160318E-02  -1.4272260E-01  -3.8138192E-01  -5.6291176E-01  -6.2721512E-01  -5.0930549E-01  -1.9740647E-01   2.6294273E-01   7.5939010E-01   1.0000000E+00   7.7927368E-01   3.9401876E-01   1.1056518E-01  -2.9769842E-02  -7.0193054E-02   7.2880296E-02
 -5.0217992E-01  -7.0453929E-01   6.9728181E-02  -5.5068376E-02  -8.1531238E-02  -8.2170511E-02  -5.1259776E-02   4.0455497E-02   1.1015625E-01   1.0092053E-01  -2.1135698E-02  -2.2579115E-01  -4.5078038E-01  -6.4107682E-01  -7.0978405E-01  -6.0131658E-01  -2.9435368E-01   2.2192197E-01   7.7927368E-01   1.0000000E+00   8.6543422E-01   6.4364880E-01   4.8880223E-01   4.3210694E-01   6.9659459E-02
 -5.8583783E-01  -8.5600742E-01   5.2015329E-02  -2.2004790E-02  -1.1290489E-01  -1.3036904E-01  -1.3661274E-01  -5.4359764E-02   5.4835533E-02   9.3263697E-02   3.6238988E-02  -1.0710488E-01  -3.0509755E-01  -5.1787633E-01  -6.7155453E-01  -7.0523534E-01  -5.7322816E-01  -1.9677229E-01   3.9401876E-01   8.6543422E-01   1.0000000E+00   9.3102460E-01   8.2831024E-01   7.7908635E-01   5.2045359E-02
 -5.8271233E-01  -8.6439760E-01   3.2400880E-02   2.7830696E-03  -1.1769045E-01  -1.4242715E-01  -1.6799736E-01  -1.0174761E-01   1.4333394E-02   7.1578546E-02   5.4011610E-02  -4.1835845E-02  -2.0138619E-01  -3.9452139E-01  -5.6556060E-01  -6.6247037E-01  -6.3956786E-01  -3.9814507E-01   1.1056518E-01   6.4364880E-01   9.3102460E-01   1.0000000E+00   9.7146358E-01   9.4322856E-01   3.2488029E-02
 -5.5354044E-01  -8.2655709E-01   1.6643919E-02   1.9086116E-02  -1.1296499E-01  -1.4018604E-01  -1.7508921E-01  -1.2159799E-01  -6.3309418E-03   5.8591214E-02   5.9423062E-02  -1.2376938E-02  -1.4743133E-01  -3.1954989E-01  -4.8533073E-01  -6.0051961E-01  -6.2501859E-01  -4.6125578E-01  -2.9769842E-02   4.8880223E-01   8.2831024E-01   9.7146358E-01   1.0000000E+00   9.9391922E-01   1.6748323E-02
 -5.3612222E-01  -8.0218493E-01   8.4321685E-03   2.5799621E-02  -1.0868821E-01  -1.3689600E-01  -1.7552987E-01  -1.2718772E-01  -1.2471169E-02   5.4620598E-02   6.0230494E-02  -4.4740454E-03  -1.3092994E-01  -2.9381124E-01  -4.5409405E-01  -5.7138757E-01  -6.0820968E-01  -4.6979805E-01  -7.0193054E-02   4.3210694E-01   7.7908635E-01   9.4322856E-01   9.9391922E-01   1.0000000E+00   8.5404210E-03
  8.4423152E-02   1.4257048E-01   9.9998100E-01  -4.2812988E-01   2.9315098E-02   3.0723072E-02   2.3181580E-02   1.5080372E-02   4.6506431E-02   7.3704499E-02   8.1537672E-02   7.5161185E-02   6.8136516E-02   5.9982899E-02   5.0077989E-02   4.5038008E-02   5.0224888E-02   6.2187303E-02   7.2880296E-02   6.9659459E-02   5.2045359E-02   3.2488029E-02   1.6748323E-02   8.5404210E-03   1.0000000E+00
