  1.0000000E+00   6.7755677E-01   8.3240768E-02  -1.3189947E-01  -5.4557113E-01  -5.6002202E-01  -5.2220782E-01  -1.7919375E-01   1.4540334E-01   2.9362284E-01   3.5463756E-01   3.5209696E-01   3.2042696E-01   3.1126768E-01   3.0499140E-01   2.7149666E-01   1.7780831E-01  -8.7090845E-03  -2.9074092E-01  -5.0447172E-01  -5.7324540E-01  -5.6805564E-01  -5.3973948E-01  -5.2141399E-01   8.3358620E-02
  6.7755677E-01   1.0000000E+00   1.4093253E-01  -1.4809884E-01   1.0370411E-01   1.2986267E-01   1.7142520E-01   1.5544364E-01   7.9097377E-02   4.0698298E-02   8.0386602E-02   1.9003261E-01   3.2343390E-01   4.4693263E-01   5.1836289E-01   5.0660294E-01   3.7996188E-01   9.1577229E-02  -3.5514925E-01  -7.2470231E-01  -8.6664188E-01  -8.7035511E-01  -8.3060297E-01  -8.0481988E-01   1.4104069E-01
  8.3240768E-02   1.4093253E-01   1.0000000E+00  -4.1211991E-01   4.6022437E-02   4.7287757E-02   3.6508637E-02   3.1762668E-03   1.0680302E-02   3.3378589E-02   6.1439597E-02   8.2266068E-02   8.0465527E-02   6.0248504E-02   4.5446375E-02   3.8878200E-02   4.1953565E-02   5.5447062E-02   7.1237768E-02   6.6153392E-02   4.7340240E-02   3.0692136E-02   1.9668342E-02   1.6060932E-02   9.9998033E-01
 -1.3189947E-01  -1.4809884E-01  -4.1211991E-01   1.0000000E+00   9.7691617E-03   5.5217493E-03  -1.7274495E-02  -6.9446466E-02  -1.0329255E-01  -1.0984552E-01  -1.2273711E-01  -1.2747105E-01  -1.1718856E-01  -1.0580107E-01  -1.0883720E-01  -1.1343640E-01  -1.1632469E-01  -1.2052772E-01  -1.0272305E-01  -5.9125494E-02  -2.4640828E-02  -3.1596496E-03   8.6401676E-03   1.2459122E-02  -4.1220924E-01
 -5.4557113E-01   1.0370411E-01   4.6022437E-02   9.7691617E-03   1.0000000E+00   9.7533193E-01   7.2935865E-01  -3.6993598E-02  -5.2650158E-01  -6.1306726E-01  -4.6675189E-01  -1.8294980E-01   7.4707498E-02   2.0611257E-01   2.3873511E-01   2.1643889E-01   1.6656036E-01   8.8438028E-02  -2.3594298E-03  -8.3835389E-02  -1.2508934E-01  -1.2980453E-01  -1.2315330E-01  -1.1820374E-01   4.6075841E-02
 -5.6002202E-01   1.2986267E-01   4.7287757E-02   5.5217493E-03   9.7533193E-01   1.0000000E+00   8.4632340E-01   1.0009913E-01  -4.7888424E-01  -6.4221043E-01  -5.3839073E-01  -2.5601082E-01   3.1099985E-02   1.9775627E-01   2.5772399E-01   2.5007707E-01   2.0249608E-01   1.1546430E-01   5.5179283E-03  -9.6746954E-02  -1.4897443E-01  -1.5741196E-01  -1.5215028E-01  -1.4829338E-01   4.7264681E-02
 -5.2220782E-01   1.7142520E-01   3.6508637E-02  -1.7274495E-02   7.2935865E-01   8.4632340E-01   1.0000000E+00   5.6803565E-01  -1.2068369E-01  -5.1656380E-01  -6.2333653E-01  -4.6028164E-01  -1.6951228E-01   7.1394065E-02   2.1872095E-01   2.7822634E-01   2.6677712E-01   1.8417721E-01   4.3532312E-02  -1.0136943E-01  -1.7558533E-01  -1.9142983E-01  -1.8997197E-01  -1.8904768E-01   3.6319693E-02
 -1.7919375E-01   1.5544364E-01   3.1762668E-03  -6.9446466E-02  -3.6993598E-02   1.0009913E-01   5.6803565E-01   1.0000000E+00   6.9349210E-01   1.7174717E-01  -2.9369334E-01  -5.3529021E-01  -4.7879865E-01  -2.6486766E-01  -3.8617219E-02   1.2322085E-01   2.0315465E-01   1.9768006E-01   1.0059272E-01  -3.1888656E-02  -1.0784831E-01  -1.3359556E-01  -1.4174810E-01  -1.4529543E-01   2.9133182E-03
  1.4540334E-01   7.9097377E-02   1.0680302E-02  -1.0329255E-01  -5.2650158E-01  -4.7888424E-01  -1.2068369E-01   6.9349210E-01   1.0000000E+00   7.8907015E-01   2.9506912E-01  -2.3252749E-01  -4.9611965E-01  -4.7014687E-01  -3.0616487E-01  -1.2765518E-01   1.1454140E-02   9.9231528E-02   1.1100256E-01   6.3488262E-02   1.5650699E-02  -1.5199981E-02  -3.1128072E-02  -3.6818827E-02   1.0612739E-02
  2.9362284E-01   4.0698298E-02   3.3378589E-02  -1.0984552E-01  -6.1306726E-01  -6.4221043E-01  -5.1656380E-01   1.7174717E-01   7.8907015E-01   1.0000000E+00   7.8114418E-01   2.3317617E-01  -2.6524939E-01  -4.7801805E-01  -4.6602144E-01  -3.4418504E-01  -1.9123659E-01  -3.8214113E-02   6.9969679E-02   1.0273648E-01   8.2845996E-02   5.3712010E-02   3.7225958E-02   3.1833512E-02   3.3510562E-02
  3.5463756E-01   8.0386602E-02   6.1439597E-02  -1.2273711E-01  -4.6675189E-01  -5.3839073E-01  -6.2333653E-01  -2.9369334E-01   2.9506912E-01   7.8114418E-01   1.0000000E+00   7.4697947E-01   2.0510564E-01  -2.2880259E-01  -4.3760344E-01  -4.6070639E-01  -3.7482357E-01  -2.2763241E-01  -7.4118094E-02   2.6644480E-02   5.2294213E-02   4.7280448E-02   4.4113105E-02   4.3246766E-02   6.1687748E-02
  3.5209696E-01   1.9003261E-01   8.2266068E-02  -1.2747105E-01  -1.8294980E-01  -2.5601082E-01  -4.6028164E-01  -5.3529021E-01  -2.3252749E-01   2.3317617E-01   7.4697947E-01   1.0000000E+00   7.6137986E-01   2.9348541E-01  -1.1753772E-01  -3.6333059E-01  -4.5811110E-01  -4.3381353E-01  -3.2202648E-01  -1.7763429E-01  -8.6163210E-02  -4.2972073E-02  -2.0686038E-02  -1.3126512E-02   8.2528737E-02
  3.2042696E-01   3.2343390E-01   8.0465527E-02  -1.1718856E-01   7.4707498E-02   3.1099985E-02  -1.6951228E-01  -4.7879865E-01  -4.9611965E-01  -2.6524939E-01   2.0510564E-01   7.6137986E-01   1.0000000E+00   8.0553522E-01   3.9641856E-01  -1.1260026E-02  -3.2351978E-01  -5.1388625E-01  -5.5185418E-01  -4.3509221E-01  -2.9697428E-01  -2.0421423E-01  -1.5348997E-01  -1.3596120E-01   8.0641735E-02
  3.1126768E-01   4.4693263E-01   6.0248504E-02  -1.0580107E-01   2.0611257E-01   1.9775627E-01   7.1394065E-02  -2.6486766E-01  -4.7014687E-01  -4.7801805E-01  -2.2880259E-01   2.9348541E-01   8.0553522E-01   1.0000000E+00   8.3405518E-01   4.5425534E-01   1.7499084E-02  -3.8515615E-01  -6.4540564E-01  -6.5034326E-01  -5.2222809E-01  -4.0264813E-01  -3.2887616E-01  -3.0087379E-01   6.0324509E-02
  3.0499140E-01   5.1836289E-01   4.5446375E-02  -1.0883720E-01   2.3873511E-01   2.5772399E-01   2.1872095E-01  -3.8617219E-02  -3.0616487E-01  -4.6602144E-01  -4.3760344E-01  -1.1753772E-01   3.9641856E-01   8.3405518E-01   1.0000000E+00   8.4550775E-01   4.5535085E-01  -6.1086819E-02  -5.3662113E-01  -7.3140345E-01  -6.8404761E-01  -5.7932055E-01  -5.0110590E-01  -4.6808560E-01   4.5425215E-02
  2.7149666E-01   5.0660294E-01   3.8878200E-02  -1.1343640E-01   2.1643889E-01   2.5007707E-01   2.7822634E-01   1.2322085E-01  -1.2765518E-01  -3.4418504E-01  -4.6070639E-01  -3.6333059E-01  -1.1260026E-02   4.5425534E-01   8.4550775E-01   1.0000000E+00   8.3783393E-01   3.7835432E-01  -2.2651307E-01  -6.3362648E-01  -7.2651955E-01  -6.8105355E-01  -6.2171152E-01  -5.9208146E-01   3.8826706E-02
  1.7780831E-01   3.7996188E-01   4.1953565E-02  -1.1632469E-01   1.6656036E-01   2.0249608E-01   2.6677712E-01   2.0315465E-01   1.1454140E-02  -1.9123659E-01  -3.7482357E-01  -4.5811110E-01  -3.2351978E-01   1.7499084E-02   4.5535085E-01   8.3783393E-01   1.0000000E+00   8.0115639E-01   2.4428002E-01  -3.2455691E-01  -5.9228270E-01  -6.5053015E-01  -6.3742991E-01  -6.2102852E-01   4.1949958E-02
 -8.7090845E-03   9.1577229E-02   5.5447062E-02  -1.2052772E-01   8.8438028E-02   1.1546430E-01   1.8417721E-01   1.9768006E-01   9.9231528E-02  -3.8214113E-02  -2.2763241E-01  -4.3381353E-01  -5.1388625E-01  -3.8515615E-01  -6.1086819E-02   3.7835432E-01   8.0115639E-01   1.0000000E+00   7.5106968E-01   1.9934156E-01  -2.0946738E-01  -3.9687034E-01  -4.5808632E-01  -4.6773118E-01   5.5498163E-02
 -2.9074092E-01  -3.5514925E-01   7.1237768E-02  -1.0272305E-01  -2.3594298E-03   5.5179283E-03   4.3532312E-02   1.0059272E-01   1.1100256E-01   6.9969679E-02  -7.4118094E-02  -3.2202648E-01  -5.5185418E-01  -6.4540564E-01  -5.3662113E-01  -2.2651307E-01   2.4428002E-01   7.5106968E-01   1.0000000E+00   7.7386049E-01   3.9607934E-01   1.2888445E-01  -5.8639771E-03  -4.7382518E-02   7.1263888E-02
 -5.0447172E-01  -7.2470231E-01   6.6153392E-02  -5.9125494E-02  -8.3835389E-02  -9.6746954E-02  -1.0136943E-01  -3.1888656E-02   6.3488262E-02   1.0273648E-01   2.6644480E-02  -1.7763429E-01  -4.3509221E-01  -6.5034326E-01  -7.3140345E-01  -6.3362648E-01  -3.2455691E-01   1.9934156E-01   7.7386049E-01   1.0000000E+00   8.7086374E-01   6.6466961E-01   5.1901347E-01   4.6289491E-01   6.6133645E-02
 -5.7324540E-01  -8.6664188E-01   4.7340240E-02  -2.4640828E-02  -1.2508934E-01  -1.4897443E-01  -1.7558533E-01  -1.0784831E-01   1.5650699E-02   8.2845996E-02   5.2294213E-02  -8.6163210E-02  -2.9697428E-01  -5.2222809E-01  -6.8404761E-01  -7.2651955E-01  -5.9228270E-01  -2.0946738E-01   3.9607934E-01   8.7086374E-01   1.0000000E+00   9.3726808E-01   8.4228244E-01   7.9466908E-01   4.7305254E-02
 -5.6805564E-01  -8.7035511E-01   3.0692136E-02  -3.1596496E-03  -1.2980453E-01  -1.5741196E-01  -1.9142983E-01  -1.3359556E-01  -1.5199981E-02   5.3712010E-02   4.7280448E-02  -4.2972073E-02  -2.0421423E-01  -4.0264813E-01  -5.7932055E-01  -6.8105355E-01  -6.5053015E-01  -3.9687034E-01   1.2888445E-01   6.6466961E-01   9.3726808E-01   1.0000000E+00   9.7338274E-01   9.4609367E-01   3.0630704E-02
 -5.3973948E-01  -8.3060297E-01   1.9668342E-02   8.6401676E-03  -1.2315330E-01  -1.5215028E-01  -1.8997197E-01  -1.4174810E-01  -3.1128072E-02   3.7225958E-02   4.4113105E-02  -2.0686038E-02  -1.5348997E-01  -3.2887616E-01  -5.0110590E-01  -6.2171152E-01  -6.3742991E-01  -4.5808632E-01  -5.8639771E-03   5.1901347E-01   8.4228244E-01   9.7338274E-01   1.0000000E+00   9.9407102E-01   1.9588079E-02
 -5.2141399E-01  -8.0481988E-01   1.6060932E-02   1.2459122E-02  -1.1820374E-01  -1.4829338E-01  -1.8904768E-01  -1.4529543E-01  -3.6818827E-02   3.1833512E-02   4.3246766E-02  -1.3126512E-02  -1.3596120E-01  -3.0087379E-01  -4.6808560E-01  -5.9208146E-01  -6.2102852E-01  -4.6773118E-01  -4.7382518E-02   4.6289491E-01   7.9466908E-01   9.4609367E-01   9.9407102E-01   1.0000000E+00   1.5980050E-02
  8.3358620E-02   1.4104069E-01   9.9998033E-01  -4.1220924E-01   4.6075841E-02   4.7264681E-02   3.6319693E-02   2.9133182E-03   1.0612739E-02   3.3510562E-02   6.1687748E-02   8.2528737E-02   8.0641735E-02   6.0324509E-02   4.5425215E-02   3.8826706E-02   4.1949958E-02   5.5498163E-02   7.1263888E-02   6.6133645E-02   4.7305254E-02   3.0630704E-02   1.9588079E-02   1.5980050E-02   1.0000000E+00
