# H0 MB omegabh2 omegach2 DDE_w0 DDE_w1 DDE_w2 DDE_w3 DDE_w4 DDE_w5 DDE_w6 DDE_w7 DDE_w8 DDE_w9 DDE_w10 DDE_w11 DDE_w12 DDE_w13 DDE_w14 DDE_w15 DDE_w16 DDE_w17 DDE_w18 DDE_w19
  5.0303110E-01   8.0423654E-03   7.3379158E-06  -8.5648160E-05  -6.7012055E-02  -5.6575373E-02  -3.4795905E-02  -9.8867175E-03   9.1691248E-03   1.9678558E-02   2.3678777E-02   2.3710882E-02   2.3918151E-02   2.6277088E-02   2.8462084E-02   2.6865266E-02   1.7776453E-02  -8.5136590E-04  -2.9542227E-02  -6.3411769E-02  -9.7147547E-02  -1.2679573E-01  -1.4647923E-01  -1.5326531E-01
  8.0423654E-03   2.8007955E-04   2.9315087E-07  -2.2691851E-06   3.0056666E-04   3.0956363E-04   2.6952727E-04   2.0236971E-04   1.1769523E-04   6.4361026E-05   1.2664892E-04   3.0196517E-04   5.6967529E-04   8.9028396E-04   1.1414484E-03   1.1828717E-03   8.9634742E-04   2.1123920E-04  -8.5151293E-04  -2.1494926E-03  -3.4655663E-03  -4.5840941E-03  -5.3189832E-03  -5.5821712E-03
  7.3379158E-06   2.9315087E-07   1.5448220E-08  -4.6896495E-08   9.9063345E-07   8.3716844E-07   4.2630674E-07   3.0710583E-08   1.1802631E-07   3.9202451E-07   7.1889375E-07   9.7084072E-07   1.0525682E-06   8.9131515E-07   7.4322476E-07   6.7417807E-07   7.3502777E-07   9.4986983E-07   1.2684962E-06   1.4572262E-06   1.4059294E-06   1.2005567E-06   9.3540875E-07   8.2732042E-07
 -8.5648160E-05  -2.2691851E-06  -4.6896495E-08   8.3821440E-07   1.5489557E-06   7.2007734E-07  -1.4858339E-06  -4.9460621E-06  -8.4081919E-06  -9.5031134E-06  -1.0578658E-05  -1.1080953E-05  -1.1291820E-05  -1.1529578E-05  -1.3111024E-05  -1.4489694E-05  -1.5012226E-05  -1.5209356E-05  -1.3473646E-05  -9.5937404E-06  -5.3904708E-06  -9.1040122E-07   3.0268728E-06   4.7274698E-06
 -6.7012055E-02   3.0056666E-04   9.9063345E-07   1.5489557E-06   2.9992197E-02   2.4059217E-02   1.1866773E-02  -4.9838226E-04  -8.1069948E-03  -1.0032711E-02  -7.6096966E-03  -3.0083204E-03   1.3616625E-03   4.2486839E-03   5.4400405E-03   5.2296024E-03   4.0660382E-03   2.1110063E-03  -5.8539748E-05  -2.5731621E-03  -5.1762865E-03  -7.0747377E-03  -8.1610238E-03  -8.4839700E-03
 -5.6575373E-02   3.0956363E-04   8.3716844E-07   7.2007734E-07   2.4059217E-02   2.0288494E-02   1.1325271E-02   1.1091417E-03  -6.0647306E-03  -8.6438710E-03  -7.2193749E-03  -3.4623521E-03   4.6621499E-04   3.3527484E-03   4.8301591E-03   4.9696753E-03   4.0657172E-03   2.2668300E-03   1.1260057E-04  -2.4422933E-03  -5.0702630E-03  -7.0563317E-03  -8.2926266E-03  -8.7540785E-03
 -3.4795905E-02   2.6952727E-04   4.2630674E-07  -1.4858339E-06   1.1866773E-02   1.1325271E-02   8.8262189E-03   4.1514021E-03  -1.0080731E-03  -4.5858234E-03  -5.5129879E-03  -4.1058116E-03  -1.6760604E-03   7.9835353E-04   2.7037057E-03   3.6468242E-03   3.5329018E-03   2.3848967E-03   5.8592055E-04  -1.6878350E-03  -3.9415717E-03  -5.6599593E-03  -6.8292234E-03  -7.3607569E-03
 -9.8867175E-03   2.0236971E-04   3.0710583E-08  -4.9460621E-06  -4.9838226E-04   1.1091417E-03   4.1514021E-03   6.0515093E-03   4.7965551E-03   1.2624886E-03  -2.1508151E-03  -3.9537497E-03  -3.9199986E-03  -2.4524862E-03  -3.9527063E-04   1.3373506E-03   2.2276875E-03   2.1195372E-03   1.1210838E-03  -4.3964657E-04  -2.0046523E-03  -3.2706962E-03  -4.2193306E-03  -4.6843309E-03
  9.1691248E-03   1.1769523E-04   1.1802631E-07  -8.4081919E-06  -8.1069948E-03  -6.0647306E-03  -1.0080731E-03   4.7965551E-03   7.9051869E-03   6.6294531E-03   2.4697725E-03  -1.9629914E-03  -4.6424116E-03  -4.9754849E-03  -3.5817323E-03  -1.5835207E-03   1.4355364E-04   1.2160518E-03   1.4139326E-03   1.0004264E-03   3.3249388E-04  -4.2531968E-04  -1.0590165E-03  -1.3567186E-03
  1.9678558E-02   6.4361026E-05   3.9202451E-07  -9.5031134E-06  -1.0032711E-02  -8.6438710E-03  -4.5858234E-03   1.2624886E-03   6.6294531E-03   8.9291893E-03   6.9488724E-03   2.0920796E-03  -2.6379196E-03  -5.3764561E-03  -5.7942017E-03  -4.5376108E-03  -2.5472564E-03  -4.9770972E-04   9.4723022E-04   1.7205461E-03   1.8705589E-03   1.5973268E-03   1.3460040E-03   1.2466781E-03
  2.3678777E-02   1.2664892E-04   7.1889375E-07  -1.0578658E-05  -7.6096966E-03  -7.2193749E-03  -5.5129879E-03  -2.1508151E-03   2.4697725E-03   6.9488724E-03   8.8624589E-03   6.6768835E-03   2.0321505E-03  -2.5637983E-03  -5.4205024E-03  -6.0510479E-03  -4.9739298E-03  -2.9536398E-03  -9.9963398E-04   4.4454936E-04   1.1763176E-03   1.4007965E-03   1.5890560E-03   1.6873086E-03
  2.3710882E-02   3.0196517E-04   9.7084072E-07  -1.1080953E-05  -3.0083204E-03  -3.4623521E-03  -4.1058116E-03  -3.9537497E-03  -1.9629914E-03   2.0920796E-03   6.6768835E-03   9.0152138E-03   7.6083511E-03   3.3168079E-03  -1.4684087E-03  -4.8130372E-03  -6.1313270E-03  -5.6772424E-03  -4.3804553E-03  -2.9891689E-03  -1.9548063E-03  -1.2840758E-03  -7.5155327E-04  -5.1653664E-04
  2.3918151E-02   5.6967529E-04   1.0525682E-06  -1.1291820E-05   1.3616625E-03   4.6621499E-04  -1.6760604E-03  -3.9199986E-03  -4.6424116E-03  -2.6379196E-03   2.0321505E-03   7.6083511E-03   1.1076493E-02   1.0090936E-02   5.4895509E-03  -1.6533690E-04  -4.7995180E-03  -7.4544305E-03  -8.3208009E-03  -8.1155521E-03  -7.4681637E-03  -6.7639983E-03  -6.1812397E-03  -5.9303441E-03
  2.6277088E-02   8.9028396E-04   8.9131515E-07  -1.1529578E-05   4.2486839E-03   3.3527484E-03   7.9835353E-04  -2.4524862E-03  -4.9754849E-03  -5.3764561E-03  -2.5637983E-03   3.3168079E-03   1.0090936E-02   1.4167447E-02   1.3062379E-02   7.5435379E-03   2.9360047E-04  -6.3187177E-03  -1.1005713E-02  -1.3719051E-02  -1.4852511E-02  -1.5083003E-02  -1.4978648E-02  -1.4842051E-02
  2.8462084E-02   1.1414484E-03   7.4322476E-07  -1.3111024E-05   5.4400405E-03   4.8301591E-03   2.7037057E-03  -3.9527063E-04  -3.5817323E-03  -5.7942017E-03  -5.4205024E-03  -1.4684087E-03   5.4895509E-03   1.3062379E-02   1.7312644E-02   1.5521316E-02   8.4454636E-03  -1.1078362E-03  -1.0115541E-02  -1.7055887E-02  -2.1506110E-02  -2.3989267E-02  -2.5229327E-02  -2.5525293E-02
  2.6865266E-02   1.1828717E-03   6.7417807E-07  -1.4489694E-05   5.2296024E-03   4.9696753E-03   3.6468242E-03   1.3373506E-03  -1.5835207E-03  -4.5376108E-03  -6.0510479E-03  -4.8130372E-03  -1.6533690E-04   7.5435379E-03   1.5521316E-02   1.9465182E-02   1.6477178E-02   7.2756914E-03  -4.5275385E-03  -1.5667445E-02  -2.4219791E-02  -2.9903832E-02  -3.3190408E-02  -3.4235326E-02
  1.7776453E-02   8.9634742E-04   7.3502777E-07  -1.5012226E-05   4.0660382E-03   4.0657172E-03   3.5329018E-03   2.2276875E-03   1.4355364E-04  -2.5472564E-03  -4.9739298E-03  -6.1313270E-03  -4.7995180E-03   2.9360047E-04   8.4454636E-03   1.6477178E-02   1.9869699E-02   1.5565364E-02   4.9331378E-03  -8.1081567E-03  -1.9948881E-02  -2.8858876E-02  -3.4381318E-02  -3.6280307E-02
 -8.5136590E-04   2.1123920E-04   9.4986983E-07  -1.5209356E-05   2.1110063E-03   2.2668300E-03   2.3848967E-03   2.1195372E-03   1.2160518E-03  -4.9770972E-04  -2.9536398E-03  -5.6772424E-03  -7.4544305E-03  -6.3187177E-03  -1.1078362E-03   7.2756914E-03   1.5565364E-02   1.8997334E-02   1.4830856E-02   4.8694488E-03  -6.8985302E-03  -1.7215170E-02  -2.4159508E-02  -2.6718152E-02
 -2.9542227E-02  -8.5151293E-04   1.2684962E-06  -1.3473646E-05  -5.8539748E-05   1.1260057E-04   5.8592055E-04   1.1210838E-03   1.4139326E-03   9.4723022E-04  -9.9963398E-04  -4.3804553E-03  -8.3208009E-03  -1.1005713E-02  -1.0115541E-02  -4.5275385E-03   4.9331378E-03   1.4830856E-02   2.0524817E-02   1.9648886E-02   1.3558626E-02   5.8110754E-03  -3.2145957E-04  -2.8133356E-03
 -6.3411769E-02  -2.1494926E-03   1.4572262E-06  -9.5937404E-06  -2.5731621E-03  -2.4422933E-03  -1.6878350E-03  -4.3964657E-04   1.0004264E-03   1.7205461E-03   4.4454936E-04  -2.9891689E-03  -8.1155521E-03  -1.3719051E-02  -1.7055887E-02  -1.5667445E-02  -8.1081567E-03   4.8694488E-03   1.9648886E-02   3.1410239E-02   3.6879046E-02   3.7073005E-02   3.5197247E-02   3.4000225E-02
 -9.7147547E-02  -3.4655663E-03   1.4059294E-06  -5.3904708E-06  -5.1762865E-03  -5.0702630E-03  -3.9415717E-03  -2.0046523E-03   3.3249388E-04   1.8705589E-03   1.1763176E-03  -1.9548063E-03  -7.4681637E-03  -1.4852511E-02  -2.1506110E-02  -2.4219791E-02  -1.9948881E-02  -6.8985302E-03   1.3558626E-02   3.6879046E-02   5.7093635E-02   7.0481318E-02   7.7009808E-02   7.8694418E-02
 -1.2679573E-01  -4.5840941E-03   1.2005567E-06  -9.1040122E-07  -7.0747377E-03  -7.0563317E-03  -5.6599593E-03  -3.2706962E-03  -4.2531968E-04   1.5973268E-03   1.4007965E-03  -1.2840758E-03  -6.7639983E-03  -1.5083003E-02  -2.3989267E-02  -2.9903832E-02  -2.8858876E-02  -1.7215170E-02   5.8110754E-03   3.7073005E-02   7.0481318E-02   9.9045030E-02   1.1721803E-01   1.2339974E-01
 -1.4647923E-01  -5.3189832E-03   9.3540875E-07   3.0268728E-06  -8.1610238E-03  -8.2926266E-03  -6.8292234E-03  -4.2193306E-03  -1.0590165E-03   1.3460040E-03   1.5890560E-03  -7.5155327E-04  -6.1812397E-03  -1.4978648E-02  -2.5229327E-02  -3.3190408E-02  -3.4381318E-02  -2.4159508E-02  -3.2145957E-04   3.5197247E-02   7.7009808E-02   1.1721803E-01   1.4641612E-01   1.5764334E-01
 -1.5326531E-01  -5.5821712E-03   8.2732042E-07   4.7274698E-06  -8.4839700E-03  -8.7540785E-03  -7.3607569E-03  -4.6843309E-03  -1.3567186E-03   1.2466781E-03   1.6873086E-03  -5.1653664E-04  -5.9303441E-03  -1.4842051E-02  -2.5525293E-02  -3.4235326E-02  -3.6280307E-02  -2.6718152E-02  -2.8133356E-03   3.4000225E-02   7.8694418E-02   1.2339974E-01   1.5764334E-01   1.7176218E-01
