  1.0000000E+00   7.2398544E-01  -2.4722607E-01  -4.5412936E-01  -4.6464197E-01  -3.1476442E-01  -1.0488965E-02   2.1841792E-01   2.9005953E-01   3.0971884E-01   4.0923389E-01   4.7180936E-01   4.3212030E-01   2.2850100E-01   2.5642914E-01   3.4109081E-01   2.4457082E-01   9.5340632E-04  -3.4268493E-01  -5.6082381E-01  -6.4150263E-01  -6.5303854E-01  -6.4352552E-01  -6.3123897E-01  -2.4797896E-01
  7.2398544E-01   1.0000000E+00  -5.0721114E-01  -7.9512280E-01   6.1914128E-02   3.3473125E-01   6.2578076E-01   6.7104050E-01   5.2904712E-01   2.7413470E-01   3.7952645E-01   6.1430749E-01   5.8508922E-01   2.0577168E-01   2.7220515E-01   4.6555604E-01   3.2594022E-01  -3.0973880E-03  -4.3141024E-01  -6.8648342E-01  -7.8076256E-01  -8.0222323E-01  -8.2333336E-01  -8.2208799E-01  -5.0856172E-01
 -2.4722607E-01  -5.0721114E-01   1.0000000E+00   6.6622941E-01  -3.9585727E-02  -2.6749141E-01  -5.3100685E-01  -5.9639765E-01  -4.7313671E-01  -1.6247638E-01  -1.7613329E-01  -4.2193234E-01  -3.8990304E-01   1.8718494E-02  -1.9937109E-02  -2.4203840E-01  -1.7448076E-01  -1.4501123E-02   1.9239111E-01   3.2357601E-01   3.6689929E-01   3.7169014E-01   4.1388100E-01   4.2600203E-01   9.9990622E-01
 -4.5412936E-01  -7.9512280E-01   6.6622941E-01   1.0000000E+00  -7.2759185E-02  -3.7358172E-01  -7.1064481E-01  -7.8423910E-01  -6.4119019E-01  -2.9059811E-01  -3.1363250E-01  -5.9309710E-01  -5.5294958E-01  -6.1240520E-02  -1.2221040E-01  -3.9808860E-01  -3.1281552E-01  -1.0234147E-01   1.8962974E-01   3.8465079E-01   4.6093101E-01   4.6769254E-01   5.1657125E-01   5.3129959E-01   6.6956920E-01
 -4.6464197E-01   6.1914128E-02  -3.9585727E-02  -7.2759185E-02   1.0000000E+00   9.0883701E-01   4.6691159E-01   1.1109070E-02  -2.8747893E-01  -4.6836882E-01  -2.8630894E-01  -2.5942890E-02   1.1501416E-01   1.8060714E-01   1.7822076E-01   1.1525133E-01   3.5978372E-02  -1.3551457E-02  -3.0636318E-02  -4.5353404E-02  -5.2103475E-02  -5.1100142E-02  -4.7240449E-02  -4.5182485E-02  -3.9941276E-02
 -3.1476442E-01   3.3473125E-01  -2.6749141E-01  -3.7358172E-01   9.0883701E-01   1.0000000E+00   7.7622734E-01   3.5918477E-01  -2.2805642E-02  -3.7166999E-01  -2.0648272E-01   1.3741929E-01   2.4994014E-01   1.4201757E-01   1.8044683E-01   2.3975943E-01   1.4820189E-01   2.1879769E-02  -1.0292269E-01  -1.7976339E-01  -2.1640234E-01  -2.2905168E-01  -2.4945554E-01  -2.5496352E-01  -2.6821046E-01
 -1.0488965E-02   6.2578076E-01  -5.3100685E-01  -7.1064481E-01   4.6691159E-01   7.7622734E-01   1.0000000E+00   8.4099351E-01   4.7946980E-01  -6.1304391E-02  -6.6116466E-02   2.7367494E-01   3.1576703E-01  -1.1066305E-03   1.0802333E-01   3.4655787E-01   2.7494885E-01   8.5519142E-02  -1.5755039E-01  -3.1211015E-01  -3.8289720E-01  -4.0702717E-01  -4.5355360E-01  -4.6723189E-01  -5.3244313E-01
  2.1841792E-01   6.7104050E-01  -5.9639765E-01  -7.8423910E-01   1.1109070E-02   3.5918477E-01   8.4099351E-01   1.0000000E+00   8.4803012E-01   3.2170344E-01   7.4437036E-02   2.5671152E-01   2.1790818E-01  -1.6729750E-01  -7.3262939E-03   3.2560494E-01   2.9558437E-01   1.2089971E-01  -1.4225891E-01  -3.2260756E-01  -3.9859916E-01  -4.1639479E-01  -4.6466976E-01  -4.7985937E-01  -5.9843019E-01
  2.9005953E-01   5.2904712E-01  -4.7313671E-01  -6.4119019E-01  -2.8747893E-01  -2.2805642E-02   4.7946980E-01   8.4803012E-01   1.0000000E+00   7.1797582E-01   2.6190302E-01   1.6772279E-01   1.5736827E-02  -3.4773900E-01  -1.7563205E-01   1.7048717E-01   1.9844469E-01   1.0381138E-01  -8.3462853E-02  -2.2946044E-01  -2.8614050E-01  -2.8856837E-01  -3.2130333E-01  -3.3281571E-01  -4.7537870E-01
  3.0971884E-01   2.7413470E-01  -1.6247638E-01  -2.9059811E-01  -4.6836882E-01  -3.7166999E-01  -6.1304391E-02   3.2170344E-01   7.1797582E-01   1.0000000E+00   7.0020125E-01   2.7013726E-01  -8.6072021E-02  -4.4945069E-01  -3.9800399E-01  -1.5582241E-01  -6.0568666E-02  -3.7728577E-02  -6.9781914E-02  -8.7234708E-02  -9.2797851E-02  -9.8906566E-02  -1.2668150E-01  -1.3801643E-01  -1.6334225E-01
  4.0923389E-01   3.7952645E-01  -1.7613329E-01  -3.1363250E-01  -2.8630894E-01  -2.0648272E-01  -6.6116466E-02   7.4437036E-02   2.6190302E-01   7.0020125E-01   1.0000000E+00   7.6976194E-01   3.7632159E-01  -1.6372227E-01  -3.4307418E-01  -2.4453521E-01  -2.1143413E-01  -2.4086147E-01  -2.6802801E-01  -1.9478542E-01  -1.5630837E-01  -1.8400097E-01  -2.4607081E-01  -2.6912871E-01  -1.7578416E-01
  4.7180936E-01   6.1430749E-01  -4.2193234E-01  -5.9309710E-01  -2.5942890E-02   1.3741929E-01   2.7367494E-01   2.5671152E-01   1.6772279E-01   2.7013726E-01   7.6976194E-01   1.0000000E+00   8.4429245E-01   2.4577721E-01  -5.3091045E-02  -5.9004137E-02  -1.6862624E-01  -3.2227835E-01  -4.3818717E-01  -4.0161999E-01  -3.5874914E-01  -3.6544250E-01  -4.2461271E-01  -4.4533810E-01  -4.2267545E-01
  4.3212030E-01   5.8508922E-01  -3.8990304E-01  -5.5294958E-01   1.1501416E-01   2.4994014E-01   3.1576703E-01   2.1790818E-01   1.5736827E-02  -8.6072021E-02   3.7632159E-01   8.4429245E-01   1.0000000E+00   6.7119220E-01   3.2134075E-01   1.0259746E-01  -1.5434016E-01  -3.8780952E-01  -5.3140777E-01  -5.1303534E-01  -4.5206134E-01  -4.1492895E-01  -4.2490891E-01  -4.2681996E-01  -3.9146709E-01
  2.2850100E-01   2.0577168E-01   1.8718494E-02  -6.1240520E-02   1.8060714E-01   1.4201757E-01  -1.1066305E-03  -1.6729750E-01  -3.4773900E-01  -4.4945069E-01  -1.6372227E-01   2.4577721E-01   6.7119220E-01   1.0000000E+00   7.9444824E-01   3.0194678E-01  -8.7473980E-02  -3.7167067E-01  -5.0219363E-01  -4.9179401E-01  -4.0649397E-01  -3.1275499E-01  -2.2643161E-01  -1.9292946E-01   1.7403506E-02
  2.5642914E-01   2.7220515E-01  -1.9937109E-02  -1.2221040E-01   1.7822076E-01   1.8044683E-01   1.0802333E-01  -7.3262939E-03  -1.7563205E-01  -3.9800399E-01  -3.4307418E-01  -5.3091045E-02   3.2134075E-01   7.9444824E-01   1.0000000E+00   7.5936694E-01   3.7106591E-01  -5.7744542E-02  -4.1486269E-01  -5.8919810E-01  -5.7621986E-01  -4.7798443E-01  -3.6381408E-01  -3.1774811E-01  -2.1534282E-02
  3.4109081E-01   4.6555604E-01  -2.4203840E-01  -3.9808860E-01   1.1525133E-01   2.3975943E-01   3.4655787E-01   3.2560494E-01   1.7048717E-01  -1.5582241E-01  -2.4453521E-01  -5.9004137E-02   1.0259746E-01   3.0194678E-01   7.5936694E-01   1.0000000E+00   8.3761350E-01   3.9685080E-01  -1.7729098E-01  -5.7143863E-01  -6.8946520E-01  -6.4765859E-01  -5.7015151E-01  -5.3356867E-01  -2.4365742E-01
  2.4457082E-01   3.2594022E-01  -1.7448076E-01  -3.1281552E-01   3.5978372E-02   1.4820189E-01   2.7494885E-01   2.9558437E-01   1.9844469E-01  -6.0568666E-02  -2.1143413E-01  -1.6862624E-01  -1.5434016E-01  -8.7473980E-02   3.7106591E-01   8.3761350E-01   1.0000000E+00   7.9831501E-01   2.4394392E-01  -2.7526399E-01  -5.2948460E-01  -5.7500307E-01  -5.3451596E-01  -5.0647990E-01  -1.7541011E-01
  9.5340632E-04  -3.0973880E-03  -1.4501123E-02  -1.0234147E-01  -1.3551457E-02   2.1879769E-02   8.5519142E-02   1.2089971E-01   1.0381138E-01  -3.7728577E-02  -2.4086147E-01  -3.2227835E-01  -3.8780952E-01  -3.7167067E-01  -5.7744542E-02   3.9685080E-01   7.9831501E-01   1.0000000E+00   7.4816273E-01   2.4016260E-01  -1.3364434E-01  -2.7752470E-01  -2.8026409E-01  -2.6349102E-01  -1.5295184E-02
 -3.4268493E-01  -4.3141024E-01   1.9239111E-01   1.8962974E-01  -3.0636318E-02  -1.0292269E-01  -1.5755039E-01  -1.4225891E-01  -8.3462853E-02  -6.9781914E-02  -2.6802801E-01  -4.3818717E-01  -5.3140777E-01  -5.0219363E-01  -4.1486269E-01  -1.7729098E-01   2.4394392E-01   7.4816273E-01   1.0000000E+00   7.9046798E-01   4.4738026E-01   2.3734118E-01   1.7398476E-01   1.6603890E-01   1.9184795E-01
 -5.6082381E-01  -6.8648342E-01   3.2357601E-01   3.8465079E-01  -4.5353404E-02  -1.7976339E-01  -3.1211015E-01  -3.2260756E-01  -2.2946044E-01  -8.7234708E-02  -1.9478542E-01  -4.0161999E-01  -5.1303534E-01  -4.9179401E-01  -5.8919810E-01  -5.7143863E-01  -2.7526399E-01   2.4016260E-01   7.9046798E-01   1.0000000E+00   8.7785722E-01   6.8397337E-01   5.5806437E-01   5.1581586E-01   3.2392718E-01
 -6.4150263E-01  -7.8076256E-01   3.6689929E-01   4.6093101E-01  -5.2103475E-02  -2.1640234E-01  -3.8289720E-01  -3.9859916E-01  -2.8614050E-01  -9.2797851E-02  -1.5630837E-01  -3.5874914E-01  -4.5206134E-01  -4.0649397E-01  -5.7621986E-01  -6.8946520E-01  -5.2948460E-01  -1.3364434E-01   4.4738026E-01   8.7785722E-01   1.0000000E+00   9.2968316E-01   8.1691273E-01   7.6424365E-01   3.6754868E-01
 -6.5303854E-01  -8.0222323E-01   3.7169014E-01   4.6769254E-01  -5.1100142E-02  -2.2905168E-01  -4.0702717E-01  -4.1639479E-01  -2.8856837E-01  -9.8906566E-02  -1.8400097E-01  -3.6544250E-01  -4.1492895E-01  -3.1275499E-01  -4.7798443E-01  -6.4765859E-01  -5.7500307E-01  -2.7752470E-01   2.3734118E-01   6.8397337E-01   9.2968316E-01   1.0000000E+00   9.6119555E-01   9.2499088E-01   3.7198113E-01
 -6.4352552E-01  -8.2333336E-01   4.1388100E-01   5.1657125E-01  -4.7240449E-02  -2.4945554E-01  -4.5355360E-01  -4.6466976E-01  -3.2130333E-01  -1.2668150E-01  -2.4607081E-01  -4.2461271E-01  -4.2490891E-01  -2.2643161E-01  -3.6381408E-01  -5.7015151E-01  -5.3451596E-01  -2.8026409E-01   1.7398476E-01   5.5806437E-01   8.1691273E-01   9.6119555E-01   1.0000000E+00   9.9256362E-01   4.1388403E-01
 -6.3123897E-01  -8.2208799E-01   4.2600203E-01   5.3129959E-01  -4.5182485E-02  -2.5496352E-01  -4.6723189E-01  -4.7985937E-01  -3.3281571E-01  -1.3801643E-01  -2.6912871E-01  -4.4533810E-01  -4.2681996E-01  -1.9292946E-01  -3.1774811E-01  -5.3356867E-01  -5.0647990E-01  -2.6349102E-01   1.6603890E-01   5.1581586E-01   7.6424365E-01   9.2499088E-01   9.9256362E-01   1.0000000E+00   4.2588866E-01
 -2.4797896E-01  -5.0856172E-01   9.9990622E-01   6.6956920E-01  -3.9941276E-02  -2.6821046E-01  -5.3244313E-01  -5.9843019E-01  -4.7537870E-01  -1.6334225E-01  -1.7578416E-01  -4.2267545E-01  -3.9146709E-01   1.7403506E-02  -2.1534282E-02  -2.4365742E-01  -1.7541011E-01  -1.5295184E-02   1.9184795E-01   3.2392718E-01   3.6754868E-01   3.7198113E-01   4.1388403E-01   4.2588866E-01   1.0000000E+00
