  1.0000000E+00   6.8685055E-01   8.5039867E-02  -1.2160193E-01  -5.5845781E-01  -5.7470432E-01  -5.2709175E-01  -1.7651656E-01   1.3825149E-01   2.8195921E-01   3.4743023E-01   3.5109671E-01   3.2744601E-01   3.2030818E-01   3.1047420E-01   2.7151518E-01   1.7014138E-01  -2.6696912E-02  -3.0851682E-01  -5.1199288E-01  -5.8000322E-01  -5.7308222E-01  -5.4159819E-01  -5.2208287E-01   8.5274122E-02
  6.8685055E-01   1.0000000E+00   1.3976995E-01  -1.2624438E-01   7.5487353E-02   1.0138113E-01   1.5214784E-01   1.4875993E-01   7.4044681E-02   3.5965470E-02   7.9012944E-02   1.9407343E-01   3.3466237E-01   4.5882883E-01   5.2464395E-01   5.0218892E-01   3.6302024E-01   6.3694415E-02  -3.8264081E-01  -7.3321414E-01  -8.6886690E-01  -8.6975710E-01  -8.2708104E-01  -8.0066328E-01   1.3992883E-01
  8.5039867E-02   1.3976995E-01   1.0000000E+00  -4.0205132E-01   4.4648688E-02   4.5554905E-02   3.6661732E-02   7.1113658E-03   7.1945490E-03   2.1334331E-02   4.2450012E-02   5.9031231E-02   5.8702920E-02   4.9027355E-02   4.4786133E-02   4.3915681E-02   5.1704442E-02   7.0566186E-02   8.2747151E-02   6.8525060E-02   4.7039776E-02   3.2530643E-02   2.4100761E-02   2.1353075E-02   9.9997999E-01
 -1.2160193E-01  -1.2624438E-01  -4.0205132E-01   1.0000000E+00   1.0145377E-02   7.2035349E-03  -9.3852646E-03  -5.4021301E-02  -8.6296283E-02  -9.3850212E-02  -1.0843266E-01  -1.1890714E-01  -1.1420543E-01  -1.0898986E-01  -1.1827476E-01  -1.3003399E-01  -1.3441600E-01  -1.3099289E-01  -9.7581509E-02  -4.9340273E-02  -2.1432278E-02  -1.0194867E-02  -6.5776454E-03  -5.1103183E-03  -4.0215033E-01
 -5.5845781E-01   7.5487353E-02   4.4648688E-02   1.0145377E-02   1.0000000E+00   9.7457853E-01   7.1980448E-01  -4.2922219E-02  -5.2420985E-01  -6.0586689E-01  -4.6191659E-01  -1.8312409E-01   7.0256455E-02   2.0202037E-01   2.3509762E-01   2.0903850E-01   1.5784675E-01   8.4897152E-02   5.5521580E-04  -7.1636890E-02  -1.0729754E-01  -1.1119578E-01  -1.0553036E-01  -1.0157379E-01   4.4561130E-02
 -5.7470432E-01   1.0138113E-01   4.5554905E-02   7.2035349E-03   9.7457853E-01   1.0000000E+00   8.4104591E-01   9.9302316E-02  -4.7225444E-01  -6.3422942E-01  -5.3584751E-01  -2.5822513E-01   2.5511132E-02   1.9204033E-01   2.5062599E-01   2.3819651E-01   1.8993760E-01   1.0978494E-01   7.1727855E-03  -8.4500550E-02  -1.2978924E-01  -1.3632121E-01  -1.3124279E-01  -1.2797925E-01   4.5403533E-02
 -5.2709175E-01   1.5214784E-01   3.6661732E-02  -9.3852646E-03   7.1980448E-01   8.4104591E-01   1.0000000E+00   5.7604906E-01  -1.0611996E-01  -5.0826283E-01  -6.2626820E-01  -4.6686885E-01  -1.7653178E-01   6.4805723E-02   2.1010891E-01   2.6561431E-01   2.5489981E-01   1.8052506E-01   4.5481786E-02  -9.1234873E-02  -1.6068637E-01  -1.7558881E-01  -1.7413136E-01  -1.7353887E-01   3.6416100E-02
 -1.7651656E-01   1.4875993E-01   7.1113658E-03  -5.4021301E-02  -4.2922219E-02   9.9302316E-02   5.7604906E-01   1.0000000E+00   6.9455157E-01   1.6667334E-01  -3.0542504E-01  -5.4343578E-01  -4.8407610E-01  -2.7151995E-01  -4.4714674E-02   1.2133233E-01   2.0728987E-01   2.0971777E-01   1.1252148E-01  -2.1942001E-02  -1.0208708E-01  -1.3169646E-01  -1.4192748E-01  -1.4642323E-01   6.9318171E-03
  1.3825149E-01   7.4044681E-02   7.1945490E-03  -8.6296283E-02  -5.2420985E-01  -4.7225444E-01  -1.0611996E-01   6.9455157E-01   1.0000000E+00   7.8594138E-01   2.8450073E-01  -2.4653351E-01  -5.1005301E-01  -4.8508174E-01  -3.1566892E-01  -1.2562150E-01   2.2814906E-02   1.1697523E-01   1.2655657E-01   7.3446223E-02   2.0406367E-02  -1.4712468E-02  -3.3952339E-02  -4.1237108E-02   7.2390364E-03
  2.8195921E-01   3.5965470E-02   2.1334331E-02  -9.3850212E-02  -6.0586689E-01  -6.3422942E-01  -5.0826283E-01   1.6667334E-01   7.8594138E-01   1.0000000E+00   7.7621623E-01   2.1998328E-01  -2.7786196E-01  -4.8995987E-01  -4.7275521E-01  -3.4282127E-01  -1.8705378E-01  -3.5269074E-02   7.1439507E-02   1.0613213E-01   8.9733210E-02   6.0160717E-02   4.0964565E-02   3.4122652E-02   2.1539896E-02
  3.4743023E-01   7.9012944E-02   4.2450012E-02  -1.0843266E-01  -4.6191659E-01  -5.3584751E-01  -6.2626820E-01  -3.0542504E-01   2.8450073E-01   7.7621623E-01   1.0000000E+00   7.4397861E-01   2.0508910E-01  -2.2929230E-01  -4.3803826E-01  -4.6193929E-01  -3.8367994E-01  -2.4615738E-01  -9.0531957E-02   2.1494710E-02   5.7929730E-02   5.5947614E-02   5.1534261E-02   4.9889784E-02   4.2700399E-02
  3.5109671E-01   1.9407343E-01   5.9031231E-02  -1.1890714E-01  -1.8312409E-01  -2.5822513E-01  -4.6686885E-01  -5.4343578E-01  -2.4653351E-01   2.1998328E-01   7.4397861E-01   1.0000000E+00   7.6494755E-01   2.9946662E-01  -1.1027657E-01  -3.5889594E-01  -4.6544538E-01  -4.5465431E-01  -3.4085398E-01  -1.8806847E-01  -8.9593748E-02  -4.2848594E-02  -1.9537803E-02  -1.1508153E-02   5.9219514E-02
  3.2744601E-01   3.3466237E-01   5.8702920E-02  -1.1420543E-01   7.0256455E-02   2.5511132E-02  -1.7653178E-01  -4.8407610E-01  -5.1005301E-01  -2.7786196E-01   2.0508910E-01   7.6494755E-01   1.0000000E+00   8.0735015E-01   4.0276446E-01  -2.0359476E-03  -3.1927000E-01  -5.1935004E-01  -5.5973292E-01  -4.4772513E-01  -3.1480065E-01  -2.2001723E-01  -1.6475246E-01  -1.4469850E-01   5.8787127E-02
  3.2030818E-01   4.5882883E-01   4.9027355E-02  -1.0898986E-01   2.0202037E-01   1.9204033E-01   6.4805723E-02  -2.7151995E-01  -4.8508174E-01  -4.8995987E-01  -2.2929230E-01   2.9946662E-01   8.0735015E-01   1.0000000E+00   8.3659707E-01   4.6323121E-01   2.9674152E-02  -3.7732681E-01  -6.4280304E-01  -6.5889152E-01  -5.4447386E-01  -4.2494741E-01  -3.4528976E-01  -3.1407832E-01   4.9048410E-02
  3.1047420E-01   5.2464395E-01   4.4786133E-02  -1.1827476E-01   2.3509762E-01   2.5062599E-01   2.1010891E-01  -4.4714674E-02  -3.1566892E-01  -4.7275521E-01  -4.3803826E-01  -1.1027657E-01   4.0276446E-01   8.3659707E-01   1.0000000E+00   8.4959273E-01   4.6660906E-01  -5.1524627E-02  -5.3410563E-01  -7.3495906E-01  -6.9911383E-01  -5.9509392E-01  -5.1224286E-01  -4.7699704E-01   4.4772508E-02
  2.7151518E-01   5.0218892E-01   4.3915681E-02  -1.3003399E-01   2.0903850E-01   2.3819651E-01   2.6561431E-01   1.2133233E-01  -1.2562150E-01  -3.4282127E-01  -4.6193929E-01  -3.5889594E-01  -2.0359476E-03   4.6323121E-01   8.4959273E-01   1.0000000E+00   8.4057305E-01   3.7863626E-01  -2.3273792E-01  -6.3257963E-01  -7.2681057E-01  -6.8141404E-01  -6.1987386E-01  -5.8961942E-01   4.3909921E-02
  1.7014138E-01   3.6302024E-01   5.1704442E-02  -1.3441600E-01   1.5784675E-01   1.8993760E-01   2.5489981E-01   2.0728987E-01   2.2814906E-02  -1.8705378E-01  -3.8367994E-01  -4.6544538E-01  -3.1927000E-01   2.9674152E-02   4.6660906E-01   8.4057305E-01   1.0000000E+00   7.9769002E-01   2.3368777E-01  -3.1783384E-01  -5.7747145E-01  -6.3627274E-01  -6.2427649E-01  -6.0894021E-01   5.1748166E-02
 -2.6696912E-02   6.3694415E-02   7.0566186E-02  -1.3099289E-01   8.4897152E-02   1.0978494E-01   1.8052506E-01   2.0971777E-01   1.1697523E-01  -3.5269074E-02  -2.4615738E-01  -4.5465431E-01  -5.1935004E-01  -3.7732681E-01  -5.1524627E-02   3.7863626E-01   7.9769002E-01   1.0000000E+00   7.4837864E-01   2.1497818E-01  -1.8181265E-01  -3.7181825E-01  -4.3724280E-01  -4.4894641E-01   7.0637668E-02
 -3.0851682E-01  -3.8264081E-01   8.2747151E-02  -9.7581509E-02   5.5521580E-04   7.1727855E-03   4.5481786E-02   1.1252148E-01   1.2655657E-01   7.1439507E-02  -9.0531957E-02  -3.4085398E-01  -5.5973292E-01  -6.4280304E-01  -5.3410563E-01  -2.3273792E-01   2.3368777E-01   7.4837864E-01   1.0000000E+00   7.8598872E-01   4.2359517E-01   1.5637565E-01   1.7718382E-02  -2.5607370E-02   8.2770131E-02
 -5.1199288E-01  -7.3321414E-01   6.8525060E-02  -4.9340273E-02  -7.1636890E-02  -8.4500550E-02  -9.1234873E-02  -2.1942001E-02   7.3446223E-02   1.0613213E-01   2.1494710E-02  -1.8806847E-01  -4.4772513E-01  -6.5889152E-01  -7.3495906E-01  -6.3257963E-01  -3.1783384E-01   2.1497818E-01   7.8598872E-01   1.0000000E+00   8.7608407E-01   6.7121314E-01   5.2396371E-01   4.6713959E-01   6.8499937E-02
 -5.8000322E-01  -8.6886690E-01   4.7039776E-02  -2.1432278E-02  -1.0729754E-01  -1.2978924E-01  -1.6068637E-01  -1.0208708E-01   2.0406367E-02   8.9733210E-02   5.7929730E-02  -8.9593748E-02  -3.1480065E-01  -5.4447386E-01  -6.9911383E-01  -7.2681057E-01  -5.7747145E-01  -1.8181265E-01   4.2359517E-01   8.7608407E-01   1.0000000E+00   9.3678543E-01   8.4058994E-01   7.9256667E-01   4.6985062E-02
 -5.7308222E-01  -8.6975710E-01   3.2530643E-02  -1.0194867E-02  -1.1119578E-01  -1.3632121E-01  -1.7558881E-01  -1.3169646E-01  -1.4712468E-02   6.0160717E-02   5.5947614E-02  -4.2848594E-02  -2.2001723E-01  -4.2494741E-01  -5.9509392E-01  -6.8141404E-01  -6.3627274E-01  -3.7181825E-01   1.5637565E-01   6.7121314E-01   9.3678543E-01   1.0000000E+00   9.7315113E-01   9.4580219E-01   3.2438273E-02
 -5.4159819E-01  -8.2708104E-01   2.4100761E-02  -6.5776454E-03  -1.0553036E-01  -1.3124279E-01  -1.7413136E-01  -1.4192748E-01  -3.3952339E-02   4.0964565E-02   5.1534261E-02  -1.9537803E-02  -1.6475246E-01  -3.4528976E-01  -5.1224286E-01  -6.1987386E-01  -6.2427649E-01  -4.3724280E-01   1.7718382E-02   5.2396371E-01   8.4058994E-01   9.7315113E-01   1.0000000E+00   9.9409943E-01   2.3982904E-02
 -5.2208287E-01  -8.0066328E-01   2.1353075E-02  -5.1103183E-03  -1.0157379E-01  -1.2797925E-01  -1.7353887E-01  -1.4642323E-01  -4.1237108E-02   3.4122652E-02   4.9889784E-02  -1.1508153E-02  -1.4469850E-01  -3.1407832E-01  -4.7699704E-01  -5.8961942E-01  -6.0894021E-01  -4.4894641E-01  -2.5607370E-02   4.6713959E-01   7.9256667E-01   9.4580219E-01   9.9409943E-01   1.0000000E+00   2.1236102E-02
  8.5274122E-02   1.3992883E-01   9.9997999E-01  -4.0215033E-01   4.4561130E-02   4.5403533E-02   3.6416100E-02   6.9318171E-03   7.2390364E-03   2.1539896E-02   4.2700399E-02   5.9219514E-02   5.8787127E-02   4.9048410E-02   4.4772508E-02   4.3909921E-02   5.1748166E-02   7.0637668E-02   8.2770131E-02   6.8499937E-02   4.6985062E-02   3.2438273E-02   2.3982904E-02   2.1236102E-02   1.0000000E+00
