# H0 MB omegabh2 omegach2 DDE_w0 DDE_w1 DDE_w2 DDE_w3 DDE_w4 DDE_w5 DDE_w6 DDE_w7 DDE_w8 DDE_w9 DDE_w10 DDE_w11 DDE_w12 DDE_w13 DDE_w14 DDE_w15 DDE_w16 DDE_w17 DDE_w18 DDE_w19
  5.2038450E-01   8.3991132E-03   8.7753514E-06  -7.9784246E-05  -6.7459343E-02  -5.7526506E-02  -3.5959037E-02  -1.1080674E-02   7.9339176E-03   1.8952231E-02   2.3872025E-02   2.4893195E-02   2.5797164E-02   2.8131877E-02   2.9616378E-02   2.7146443E-02   1.7238125E-02  -2.4082003E-03  -3.2015298E-02  -6.6954865E-02  -1.0178736E-01  -1.3119602E-01  -1.4989986E-01  -1.5617992E-01
  8.3991132E-03   2.8472412E-04   3.1893111E-07  -2.1775952E-06   2.5149128E-04   2.5327569E-04   2.2638144E-04   1.7925898E-04   1.0576103E-04   6.3458321E-05   1.3001673E-04   3.0812677E-04   5.9452733E-04   9.3114838E-04   1.1756507E-03   1.1888687E-03   8.7147949E-04   1.6640892E-04  -9.0945372E-04  -2.2112337E-03  -3.5243563E-03  -4.6229112E-03  -5.3288161E-03  -5.5759239E-03
  8.7753514E-06   3.1893111E-07   1.5290644E-08  -4.6789824E-08   6.7489695E-07   5.5964659E-07   3.1134440E-07   1.3249494E-07   2.9784822E-07   5.1597583E-07   6.8150717E-07   7.6031800E-07   7.8934275E-07   7.8560210E-07   8.8073134E-07   9.9762756E-07   1.1260953E-06   1.3023382E-06   1.4186649E-06   1.3048047E-06   1.0131762E-06   6.5364474E-07   2.6876476E-07   5.8427085E-08
 -7.9784246E-05  -2.1775952E-06  -4.6789824E-08   8.3993289E-07  -3.8356543E-07  -9.3636278E-07  -2.6390241E-06  -4.9304198E-06  -6.9403890E-06  -7.2657039E-06  -8.0614756E-06  -9.5997039E-06  -1.1753174E-05  -1.3732739E-05  -1.6069619E-05  -1.7920021E-05  -1.7768853E-05  -1.6065618E-05  -1.2157883E-05  -7.2812012E-06  -3.1554148E-06  -7.0922710E-08   2.1016592E-06   3.2622491E-06
 -6.7459343E-02   2.5149128E-04   6.7489695E-07  -3.8356543E-07   2.9639669E-02   2.3634871E-02   1.1533042E-02  -5.1851969E-04  -7.8674210E-03  -9.7644311E-03  -7.5204329E-03  -3.1910147E-03   1.1419380E-03   4.1832302E-03   5.5230786E-03   5.2592410E-03   3.9849008E-03   2.1307047E-03   1.0935890E-04  -2.2037831E-03  -4.5671181E-03  -6.3827994E-03  -7.4679215E-03  -7.7952333E-03
 -5.7526506E-02   2.5327569E-04   5.5964659E-07  -9.3636278E-07   2.3634871E-02   1.9868270E-02   1.1088584E-02   1.1978779E-03  -5.7487267E-03  -8.3491362E-03  -7.1528099E-03  -3.6924502E-03   1.8388327E-04   3.1935453E-03   4.7639909E-03   4.8617302E-03   3.9137989E-03   2.2680604E-03   2.9405869E-04  -2.0237394E-03  -4.3549699E-03  -6.1566417E-03  -7.2802971E-03  -7.6812196E-03
 -3.5959037E-02   2.2638144E-04   3.1134440E-07  -2.6390241E-06   1.1533042E-02   1.1088584E-02   8.8017904E-03   4.3364315E-03  -7.4262380E-04  -4.3928575E-03  -5.5225469E-03  -4.3497358E-03  -1.9487408E-03   6.2460220E-04   2.5735237E-03   3.5063668E-03   3.4171638E-03   2.4276290E-03   8.0202178E-04  -1.2678904E-03  -3.3219412E-03  -4.9370749E-03  -6.0343325E-03  -6.5119579E-03
 -1.1080674E-02   1.7925898E-04   1.3249494E-07  -4.9304198E-06  -5.1851969E-04   1.1978779E-03   4.3364315E-03   6.2283673E-03   4.8785204E-03   1.2487454E-03  -2.2834756E-03  -4.1883723E-03  -4.1553609E-03  -2.6191831E-03  -5.1320979E-04   1.2940345E-03   2.2795734E-03   2.2866603E-03   1.4000958E-03  -5.8331146E-05  -1.6214035E-03  -2.9925543E-03  -4.0469360E-03  -4.5492120E-03
  7.9339176E-03   1.0576103E-04   2.9784822E-07  -6.9403890E-06  -7.8674210E-03  -5.7487267E-03  -7.4262380E-04   4.8785204E-03   7.8321202E-03   6.4937225E-03   2.2837748E-03  -2.1586889E-03  -4.8471076E-03  -5.1492131E-03  -3.6921435E-03  -1.5635525E-03   2.8658070E-04   1.4064347E-03   1.6384716E-03   1.2505901E-03   5.2118675E-04  -3.6935973E-04  -1.1502629E-03  -1.5370091E-03
  1.8952231E-02   6.3458321E-05   5.1597583E-07  -7.2657039E-06  -9.7644311E-03  -8.3491362E-03  -4.3928575E-03   1.2487454E-03   6.4937225E-03   8.7441730E-03   6.7442888E-03   1.9675987E-03  -2.7238358E-03  -5.4204932E-03  -5.7657103E-03  -4.4386183E-03  -2.4413603E-03  -5.0080614E-04   8.7123536E-04   1.6604076E-03   1.8657259E-03   1.6086629E-03   1.3054787E-03   1.1431014E-03
  2.3872025E-02   1.3001673E-04   6.8150717E-07  -8.0614756E-06  -7.5204329E-03  -7.1528099E-03  -5.5225469E-03  -2.2834756E-03   2.2837748E-03   6.7442888E-03   8.7289814E-03   6.7483261E-03   2.2083925E-03  -2.3885839E-03  -5.2738671E-03  -6.0036597E-03  -5.0807628E-03  -3.2781533E-03  -1.4226120E-03   1.1184055E-04   1.0746277E-03   1.4975000E-03   1.7485913E-03   1.8396360E-03
  2.4893195E-02   3.0812677E-04   7.6031800E-07  -9.5997039E-06  -3.1910147E-03  -3.6924502E-03  -4.3497358E-03  -4.1883723E-03  -2.1586889E-03   1.9675987E-03   6.7483261E-03   9.3408702E-03   8.0090417E-03   3.6117686E-03  -1.3247888E-03  -4.8605907E-03  -6.3569280E-03  -6.0943220E-03  -4.9016202E-03  -3.4438591E-03  -2.1675530E-03  -1.2341233E-03  -5.6747163E-04  -2.8409793E-04
  2.5797164E-02   5.9452733E-04   7.8934275E-07  -1.1753174E-05   1.1419380E-03   1.8388327E-04  -1.9487408E-03  -4.1553609E-03  -4.8471076E-03  -2.7238358E-03   2.2083925E-03   8.0090417E-03   1.1538581E-02   1.0440814E-02   5.6697361E-03  -1.3223317E-04  -4.8644758E-03  -7.6517006E-03  -8.7303957E-03  -8.6988361E-03  -8.0519122E-03  -7.1648575E-03  -6.3835863E-03  -6.0162252E-03
  2.8131877E-02   9.3114838E-04   7.8560210E-07  -1.3732739E-05   4.1832302E-03   3.1935453E-03   6.2460220E-04  -2.6191831E-03  -5.1492131E-03  -5.4204932E-03  -2.3885839E-03   3.6117686E-03   1.0440814E-02   1.4451481E-02   1.3222604E-02   7.6478876E-03   3.9924741E-04  -6.2428610E-03  -1.1171210E-02  -1.4225713E-02  -1.5609533E-02  -1.5793676E-02  -1.5481388E-02  -1.5211276E-02
  2.9616378E-02   1.1756507E-03   8.8073134E-07  -1.6069619E-05   5.5230786E-03   4.7639909E-03   2.5735237E-03  -5.1320979E-04  -3.6921435E-03  -5.7657103E-03  -5.2738671E-03  -1.3247888E-03   5.6697361E-03   1.3222604E-02   1.7396206E-02   1.5593588E-02   8.5624401E-03  -9.3526396E-04  -1.0114086E-02  -1.7344618E-02  -2.2038045E-02  -2.4478951E-02  -2.5472128E-02  -2.5617387E-02
  2.7146443E-02   1.1888687E-03   9.9762756E-07  -1.7920021E-05   5.2592410E-03   4.8617302E-03   3.5063668E-03   1.2940345E-03  -1.5635525E-03  -4.4386183E-03  -6.0036597E-03  -4.8605907E-03  -1.3223317E-04   7.6478876E-03   1.5593588E-02   1.9470027E-02   1.6438281E-02   7.3038942E-03  -4.4955815E-03  -1.5663260E-02  -2.4225553E-02  -2.9765628E-02  -3.2734951E-02  -3.3592562E-02
  1.7238125E-02   8.7147949E-04   1.1260953E-06  -1.7768853E-05   3.9849008E-03   3.9137989E-03   3.4171638E-03   2.2795734E-03   2.8658070E-04  -2.4413603E-03  -5.0807628E-03  -6.3569280E-03  -4.8644758E-03   3.9924741E-04   8.5624401E-03   1.6438281E-02   1.9627143E-02   1.5315837E-02   4.8768898E-03  -7.8435878E-03  -1.9397012E-02  -2.8084536E-02  -3.3310370E-02  -3.5034822E-02
 -2.4082003E-03   1.6640892E-04   1.3023382E-06  -1.6065618E-05   2.1307047E-03   2.2680604E-03   2.4276290E-03   2.2866603E-03   1.4064347E-03  -5.0080614E-04  -3.2781533E-03  -6.0943220E-03  -7.6517006E-03  -6.2428610E-03  -9.3526396E-04   7.3038942E-03   1.5315837E-02   1.8666754E-02   1.4776378E-02   5.2951332E-03  -6.0713908E-03  -1.6221143E-02  -2.3002951E-02  -2.5433511E-02
 -3.2015298E-02  -9.0945372E-04   1.4186649E-06  -1.2157883E-05   1.0935890E-04   2.9405869E-04   8.0202178E-04   1.4000958E-03   1.6384716E-03   8.7123536E-04  -1.4226120E-03  -4.9016202E-03  -8.7303957E-03  -1.1171210E-02  -1.0114086E-02  -4.4955815E-03   4.8768898E-03   1.4776378E-02   2.0729255E-02   2.0233955E-02   1.4440926E-02   6.7233905E-03   5.6693551E-04  -1.8917357E-03
 -6.6954865E-02  -2.2112337E-03   1.3048047E-06  -7.2812012E-06  -2.2037831E-03  -2.0237394E-03  -1.2678904E-03  -5.8331146E-05   1.2505901E-03   1.6604076E-03   1.1184055E-04  -3.4438591E-03  -8.6988361E-03  -1.4225713E-02  -1.7344618E-02  -1.5663260E-02  -7.8435878E-03   5.2951332E-03   2.0233955E-02   3.2122258E-02   3.7659081E-02   3.7688005E-02   3.5553646E-02   3.4229053E-02
 -1.0178736E-01  -3.5243563E-03   1.0131762E-06  -3.1554148E-06  -4.5671181E-03  -4.3549699E-03  -3.3219412E-03  -1.6214035E-03   5.2118675E-04   1.8657259E-03   1.0746277E-03  -2.1675530E-03  -8.0519122E-03  -1.5609533E-02  -2.2038045E-02  -2.4225553E-02  -1.9397012E-02  -6.0713908E-03   1.4440926E-02   3.7659081E-02   5.7697146E-02   7.0708136E-02   7.6725011E-02   7.8092388E-02
 -1.3119602E-01  -4.6229112E-03   6.5364474E-07  -7.0922710E-08  -6.3827994E-03  -6.1566417E-03  -4.9370749E-03  -2.9925543E-03  -3.6935973E-04   1.6086629E-03   1.4975000E-03  -1.2341233E-03  -7.1648575E-03  -1.5793676E-02  -2.4478951E-02  -2.9765628E-02  -2.8084536E-02  -1.6221143E-02   6.7233905E-03   3.7688005E-02   7.0708136E-02   9.8746970E-02   1.1619295E-01   1.2187698E-01
 -1.4989986E-01  -5.3288161E-03   2.6876476E-07   2.1016592E-06  -7.4679215E-03  -7.2802971E-03  -6.0343325E-03  -4.0469360E-03  -1.1502629E-03   1.3054787E-03   1.7485913E-03  -5.6747163E-04  -6.3835863E-03  -1.5481388E-02  -2.5472128E-02  -3.2734951E-02  -3.3310370E-02  -2.3002951E-02   5.6693551E-04   3.5553646E-02   7.6725011E-02   1.1619295E-01   1.4436771E-01   1.5487658E-01
 -1.5617992E-01  -5.5759239E-03   5.8427085E-08   3.2622491E-06  -7.7952333E-03  -7.6812196E-03  -6.5119579E-03  -4.5492120E-03  -1.5370091E-03   1.1431014E-03   1.8396360E-03  -2.8409793E-04  -6.0162252E-03  -1.5211276E-02  -2.5617387E-02  -3.3592562E-02  -3.5034822E-02  -2.5433511E-02  -1.8917357E-03   3.4229053E-02   7.8092388E-02   1.2187698E-01   1.5487658E-01   1.6812253E-01
