  1.0000000E+00   6.9001595E-01   9.8376066E-02  -1.2067927E-01  -5.4317936E-01  -5.6575160E-01  -5.3132515E-01  -1.9463318E-01   1.2427559E-01   2.8095631E-01   3.5419735E-01   3.5704652E-01   3.3291517E-01   3.2439964E-01   3.1127376E-01   2.6969164E-01   1.7056869E-01  -2.4434082E-02  -3.0825032E-01  -5.1786544E-01  -5.8742779E-01  -5.7875745E-01  -5.4689509E-01  -5.2801963E-01   9.8512454E-02
  6.9001595E-01   1.0000000E+00   1.5285226E-01  -1.4081299E-01   8.6571338E-02   1.0648817E-01   1.4300235E-01   1.3461135E-01   7.0822924E-02   4.0217686E-02   8.2471775E-02   1.8893988E-01   3.2800729E-01   4.5904006E-01   5.2824928E-01   5.0493851E-01   3.6865192E-01   7.2182190E-02  -3.7434896E-01  -7.3117189E-01  -8.6954189E-01  -8.7184953E-01  -8.3115797E-01  -8.0591966E-01   1.5295179E-01
  9.8376066E-02   1.5285226E-01   1.0000000E+00  -4.1287276E-01   3.1702090E-02   3.2108568E-02   2.6837537E-02   1.3576859E-02   2.7217137E-02   4.4622829E-02   5.8989641E-02   6.3619275E-02   5.9426004E-02   5.2848610E-02   5.4001185E-02   5.7819225E-02   6.5003045E-02   7.7086170E-02   7.9684730E-02   5.8874820E-02   3.4111038E-02   1.6821588E-02   5.7203738E-03   1.1523605E-03   9.9997998E-01
 -1.2067927E-01  -1.4081299E-01  -4.1287276E-01   1.0000000E+00  -2.4309750E-03  -7.2483944E-03  -3.0692733E-02  -6.8167050E-02  -8.5570062E-02  -8.4780511E-02  -9.4147863E-02  -1.0837819E-01  -1.1938690E-01  -1.2464610E-01  -1.3294010E-01  -1.4013059E-01  -1.3839123E-01  -1.2830416E-01  -9.2139068E-02  -4.4327956E-02  -1.4333656E-02  -2.4626412E-04   6.0353848E-03   8.6812420E-03  -4.1299647E-01
 -5.4317936E-01   8.6571338E-02   3.1702090E-02  -2.4309750E-03   1.0000000E+00   9.7394971E-01   7.1403862E-01  -3.8162909E-02  -5.1636410E-01  -6.0652806E-01  -4.6754604E-01  -1.9177786E-01   6.1748960E-02   2.0212448E-01   2.4323008E-01   2.1892891E-01   1.6521608E-01   9.0584145E-02   4.4118997E-03  -7.1421529E-02  -1.1044051E-01  -1.1798115E-01  -1.1416370E-01  -1.1042807E-01   3.1673041E-02
 -5.6575160E-01   1.0648817E-01   3.2108568E-02  -7.2483944E-03   9.7394971E-01   1.0000000E+00   8.3851445E-01   1.0768257E-01  -4.6084190E-01  -6.3343513E-01  -5.4314385E-01  -2.7104472E-01   1.2144677E-02   1.8846767E-01   2.5624985E-01   2.4718809E-01   1.9819374E-01   1.1777149E-01   1.4489792E-02  -8.0107197E-02  -1.2862576E-01  -1.3899589E-01  -1.3593586E-01  -1.3290374E-01   3.2036815E-02
 -5.3132515E-01   1.4300235E-01   2.6837537E-02  -3.0692733E-02   7.1403862E-01   8.3851445E-01   1.0000000E+00   5.8567930E-01  -8.9442449E-02  -5.0072842E-01  -6.3004580E-01  -4.7971544E-01  -1.9337145E-01   5.5381131E-02   2.0797704E-01   2.6784809E-01   2.5998707E-01   1.8939234E-01   5.9375709E-02  -7.5403791E-02  -1.4741079E-01  -1.6746433E-01  -1.6928119E-01  -1.6928291E-01   2.6708861E-02
 -1.9463318E-01   1.3461135E-01   1.3576859E-02  -6.8167050E-02  -3.8162909E-02   1.0768257E-01   5.8567930E-01   1.0000000E+00   6.9849186E-01   1.6921054E-01  -3.0969022E-01  -5.4911652E-01  -4.9016855E-01  -2.7607214E-01  -4.9303818E-02   1.1751017E-01   2.0617592E-01   2.1207044E-01   1.2321932E-01  -4.1239214E-03  -8.5531644E-02  -1.2066826E-01  -1.3495973E-01  -1.4058407E-01   1.3469101E-02
  1.2427559E-01   7.0822924E-02   2.7217137E-02  -8.5570062E-02  -5.1636410E-01  -4.6084190E-01  -8.9442449E-02   6.9849186E-01   1.0000000E+00   7.8468379E-01   2.7620518E-01  -2.5238103E-01  -5.0987860E-01  -4.8399962E-01  -3.1630906E-01  -1.2661627E-01   2.3114192E-02   1.1631762E-01   1.2859006E-01   7.8844661E-02   2.4517520E-02  -1.3281526E-02  -3.4207584E-02  -4.2356865E-02   2.7216183E-02
  2.8095631E-01   4.0217686E-02   4.4622829E-02  -8.4780511E-02  -6.0652806E-01  -6.3343513E-01  -5.0072842E-01   1.6921054E-01   7.8468379E-01   1.0000000E+00   7.7196037E-01   2.1771256E-01  -2.7117231E-01  -4.8219561E-01  -4.6748338E-01  -3.4017716E-01  -1.8635625E-01  -3.9199080E-02   6.4711919E-02   9.9072316E-02   8.3063704E-02   5.4744914E-02   3.6743066E-02   2.9813462E-02   4.4708106E-02
  3.5419735E-01   8.2471775E-02   5.8989641E-02  -9.4147863E-02  -4.6754604E-01  -5.4314385E-01  -6.3004580E-01  -3.0969022E-01   2.7620518E-01   7.7196037E-01   1.0000000E+00   7.4734410E-01   2.2004843E-01  -2.1266819E-01  -4.2797670E-01  -4.6052266E-01  -3.8816698E-01  -2.5681068E-01  -1.0575791E-01   6.6790469E-03   4.7884956E-02   5.1006224E-02   4.9257401E-02   4.8021660E-02   5.9116499E-02
  3.5704652E-01   1.8893988E-01   6.3619275E-02  -1.0837819E-01  -1.9177786E-01  -2.7104472E-01  -4.7971544E-01  -5.4911652E-01  -2.5238103E-01   2.1771256E-01   7.4734410E-01   1.0000000E+00   7.7145515E-01   3.1086375E-01  -1.0392636E-01  -3.6042268E-01  -4.6948864E-01  -4.6152723E-01  -3.5225255E-01  -1.9881479E-01  -9.3368182E-02  -4.0635255E-02  -1.5453094E-02  -7.1690472E-03   6.3733353E-02
  3.3291517E-01   3.2800729E-01   5.9426004E-02  -1.1938690E-01   6.1748960E-02   1.2144677E-02  -1.9337145E-01  -4.9016855E-01  -5.0987860E-01  -2.7117231E-01   2.2004843E-01   7.7145515E-01   1.0000000E+00   8.0854084E-01   4.0018368E-01  -8.8222816E-03  -3.2324462E-01  -5.2137159E-01  -5.6450252E-01  -4.5183713E-01  -3.1206543E-01  -2.1226064E-01  -1.5640603E-01  -1.3659504E-01   5.9508899E-02
  3.2439964E-01   4.5904006E-01   5.2848610E-02  -1.2464610E-01   2.0212448E-01   1.8846767E-01   5.5381131E-02  -2.7607214E-01  -4.8399962E-01  -4.8219561E-01  -2.1266819E-01   3.1086375E-01   8.0854084E-01   1.0000000E+00   8.3393762E-01   4.5593407E-01   2.3705952E-02  -3.8009581E-01  -6.4543452E-01  -6.6025976E-01  -5.4057577E-01  -4.1808555E-01  -3.3893678E-01  -3.0860042E-01   5.2916712E-02
  3.1127376E-01   5.2824928E-01   5.4001185E-02  -1.3294010E-01   2.4323008E-01   2.5624985E-01   2.0797704E-01  -4.9303818E-02  -3.1630906E-01  -4.6748338E-01  -4.2797670E-01  -1.0392636E-01   4.0018368E-01   8.3393762E-01   1.0000000E+00   8.4729666E-01   4.6338475E-01  -5.1900618E-02  -5.3260784E-01  -7.3372690E-01  -6.9561451E-01  -5.9061389E-01  -5.0827990E-01  -4.7369041E-01   5.4040826E-02
  2.6969164E-01   5.0493851E-01   5.7819225E-02  -1.4013059E-01   2.1892891E-01   2.4718809E-01   2.6784809E-01   1.1751017E-01  -1.2661627E-01  -3.4017716E-01  -4.6052266E-01  -3.6042268E-01  -8.8222816E-03   4.5593407E-01   8.4729666E-01   1.0000000E+00   8.4090042E-01   3.8312173E-01  -2.2377458E-01  -6.2631937E-01  -7.2279187E-01  -6.7884384E-01  -6.1743806E-01  -5.8714706E-01   5.7849123E-02
  1.7056869E-01   3.6865192E-01   6.5003045E-02  -1.3839123E-01   1.6521608E-01   1.9819374E-01   2.5998707E-01   2.0617592E-01   2.3114192E-02  -1.8635625E-01  -3.8816698E-01  -4.6948864E-01  -3.2324462E-01   2.3705952E-02   4.6338475E-01   8.4090042E-01   1.0000000E+00   8.0016174E-01   2.4178122E-01  -3.1237998E-01  -5.7640684E-01  -6.3793559E-01  -6.2577165E-01  -6.0989969E-01   6.5049832E-02
 -2.4434082E-02   7.2182190E-02   7.7086170E-02  -1.2830416E-01   9.0584145E-02   1.1777149E-01   1.8939234E-01   2.1207044E-01   1.1631762E-01  -3.9199080E-02  -2.5681068E-01  -4.6152723E-01  -5.2137159E-01  -3.8009581E-01  -5.1900618E-02   3.8312173E-01   8.0016174E-01   1.0000000E+00   7.5117608E-01   2.1624170E-01  -1.8500208E-01  -3.7782018E-01  -4.4311263E-01  -4.5400324E-01   7.7138191E-02
 -3.0825032E-01  -3.7434896E-01   7.9684730E-02  -9.2139068E-02   4.4118997E-03   1.4489792E-02   5.9375709E-02   1.2321932E-01   1.2859006E-01   6.4711919E-02  -1.0575791E-01  -3.5225255E-01  -5.6450252E-01  -6.4543452E-01  -5.3260784E-01  -2.2377458E-01   2.4178122E-01   7.5117608E-01   1.0000000E+00   7.8412611E-01   4.1756687E-01   1.4860540E-01   1.0363508E-02  -3.2044659E-02   7.9707893E-02
 -5.1786544E-01  -7.3117189E-01   5.8874820E-02  -4.4327956E-02  -7.1421529E-02  -8.0107197E-02  -7.5403791E-02  -4.1239214E-03   7.8844661E-02   9.9072316E-02   6.6790469E-03  -1.9881479E-01  -4.5183713E-01  -6.6025976E-01  -7.3372690E-01  -6.2631937E-01  -3.1237998E-01   2.1624170E-01   7.8412611E-01   1.0000000E+00   8.7476122E-01   6.6917272E-01   5.2209085E-01   4.6577791E-01   5.8870782E-02
 -5.8742779E-01  -8.6954189E-01   3.4111038E-02  -1.4333656E-02  -1.1044051E-01  -1.2862576E-01  -1.4741079E-01  -8.5531644E-02   2.4517520E-02   8.3063704E-02   4.7884956E-02  -9.3368182E-02  -3.1206543E-01  -5.4057577E-01  -6.9561451E-01  -7.2279187E-01  -5.7640684E-01  -1.8500208E-01   4.1756687E-01   8.7476122E-01   1.0000000E+00   9.3676430E-01   8.4066848E-01   7.9290029E-01   3.4080012E-02
 -5.7875745E-01  -8.7184953E-01   1.6821588E-02  -2.4626412E-04  -1.1798115E-01  -1.3899589E-01  -1.6746433E-01  -1.2066826E-01  -1.3281526E-02   5.4744914E-02   5.1006224E-02  -4.0635255E-02  -2.1226064E-01  -4.1808555E-01  -5.9061389E-01  -6.7884384E-01  -6.3793559E-01  -3.7782018E-01   1.4860540E-01   6.6917272E-01   9.3676430E-01   1.0000000E+00   9.7315693E-01   9.4590350E-01   1.6761548E-02
 -5.4689509E-01  -8.3115797E-01   5.7203738E-03   6.0353848E-03  -1.1416370E-01  -1.3593586E-01  -1.6928119E-01  -1.3495973E-01  -3.4207584E-02   3.6743066E-02   4.9257401E-02  -1.5453094E-02  -1.5640603E-01  -3.3893678E-01  -5.0827990E-01  -6.1743806E-01  -6.2577165E-01  -4.4311263E-01   1.0363508E-02   5.2209085E-01   8.4066848E-01   9.7315693E-01   1.0000000E+00   9.9411760E-01   5.6419318E-03
 -5.2801963E-01  -8.0591966E-01   1.1523605E-03   8.6812420E-03  -1.1042807E-01  -1.3290374E-01  -1.6928291E-01  -1.4058407E-01  -4.2356865E-02   2.9813462E-02   4.8021660E-02  -7.1690472E-03  -1.3659504E-01  -3.0860042E-01  -4.7369041E-01  -5.8714706E-01  -6.0989969E-01  -4.5400324E-01  -3.2044659E-02   4.6577791E-01   7.9290029E-01   9.4590350E-01   9.9411760E-01   1.0000000E+00   1.0765301E-03
  9.8512454E-02   1.5295179E-01   9.9997998E-01  -4.1299647E-01   3.1673041E-02   3.2036815E-02   2.6708861E-02   1.3469101E-02   2.7216183E-02   4.4708106E-02   5.9116499E-02   6.3733353E-02   5.9508899E-02   5.2916712E-02   5.4040826E-02   5.7849123E-02   6.5049832E-02   7.7138191E-02   7.9707893E-02   5.8870782E-02   3.4080012E-02   1.6761548E-02   5.6419318E-03   1.0765301E-03   1.0000000E+00
