# H0 MB omegabh2 omegach2 DDE_w0 DDE_w1 DDE_w2 DDE_w3 DDE_w4 DDE_w5 DDE_w6 DDE_w7 DDE_w8 DDE_w9 DDE_w10 DDE_w11 DDE_w12 DDE_w13 DDE_w14 DDE_w15 DDE_w16 DDE_w17 DDE_w18 DDE_w19
  6.2426586E-01   1.0340124E-02   7.9109646E-06  -4.9170462E-05  -9.4606362E-02  -7.6879721E-02  -3.9148144E-02   1.1639808E-03   2.8389719E-02   3.4861035E-02   2.5651529E-02   1.1153376E-02   5.0058490E-03   1.3791190E-02   3.1536051E-02   4.6410442E-02   4.7862411E-02   2.5606788E-02  -2.1880901E-02  -8.2415511E-02  -1.4229441E-01  -1.8702199E-01  -2.1059084E-01  -2.1663566E-01
  1.0340124E-02   3.3687988E-04   2.9866672E-07  -1.8211961E-06   2.4248321E-04   2.1197294E-04   1.5672190E-04   1.3835098E-04   1.7973076E-04   2.3394917E-04   2.5984532E-04   2.8897848E-04   4.3373248E-04   7.4973717E-04   1.1742101E-03   1.4948357E-03   1.4249512E-03   7.1157978E-04  -7.0065100E-04  -2.5265533E-03  -4.4250026E-03  -5.9710166E-03  -6.8563390E-03  -7.1199147E-03
  7.9109646E-06   2.9866672E-07   1.5744661E-08  -4.4361772E-08   1.0739480E-06   6.5401368E-07   8.2103561E-08  -1.6438097E-07  -6.7255358E-09   3.9226769E-07   8.5152541E-07   1.2204068E-06   1.0380756E-06   8.7679760E-07   1.0426329E-06   1.0873656E-06   7.7082897E-07   5.3219325E-07   2.5385258E-07   1.5734111E-07   6.2014350E-07   1.8449138E-06   3.1195409E-06   4.0201847E-06
 -4.9170462E-05  -1.8211961E-06  -4.4361772E-08   8.0545903E-07  -2.3692737E-07  -4.4657100E-06  -8.9285508E-06  -1.0660930E-05  -6.4120903E-06  -1.6384480E-06  -2.2799550E-06  -6.3700806E-06  -1.2269016E-05  -1.6586603E-05  -1.7047600E-05  -1.3349715E-05  -8.3325248E-06  -6.7618225E-06  -5.4328405E-06  -5.5033904E-06  -8.3338850E-06  -1.5661520E-05  -2.4753544E-05  -3.0816586E-05
 -9.4606362E-02   2.4248321E-04   1.0739480E-06  -2.3692737E-07   5.1264583E-02   3.6572544E-02   1.0049895E-02  -1.1722485E-02  -1.9516852E-02  -1.3845974E-02  -2.5024678E-03   6.7863019E-03   9.9854708E-03   7.5209091E-03   2.7863128E-03  -9.7569436E-04  -2.8410837E-03  -2.8918973E-03  -1.3926868E-03   1.8394844E-04   5.0089495E-05  -2.2893260E-03  -4.8719704E-03  -6.1649416E-03
 -7.6879721E-02   2.1197294E-04   6.5401368E-07  -4.4657100E-06   3.6572544E-02   2.8988716E-02   1.1762596E-02  -5.7407353E-03  -1.4664466E-02  -1.2770977E-02  -4.7799580E-03   3.3009009E-03   7.4767745E-03   6.9520652E-03   3.8334269E-03   6.7793239E-04  -1.5940838E-03  -2.4622422E-03  -1.8055737E-03  -6.9976388E-04  -7.1570175E-04  -2.1929767E-03  -3.6386784E-03  -4.2951379E-03
 -3.9148144E-02   1.5672190E-04   8.2103561E-08  -8.9285508E-06   1.0049895E-02   1.1762596E-02   1.1784920E-02   6.0494880E-03  -2.5514578E-03  -8.2118181E-03  -8.4751667E-03  -4.4276302E-03   7.3265133E-04   3.9396201E-03   4.6461976E-03   3.6489418E-03   1.6871378E-03  -1.1927246E-05  -9.7696023E-04  -1.4679261E-03  -2.1003712E-03  -2.8186913E-03  -2.8963964E-03  -2.7872040E-03
  1.1639808E-03   1.3835098E-04  -1.6438097E-07  -1.0660930E-05  -1.1722485E-02  -5.7407353E-03   6.0494880E-03   1.4141160E-02   1.1480939E-02   1.1630717E-03  -8.2605638E-03  -1.1143879E-02  -7.7566978E-03  -1.9993750E-03   2.9560143E-03   5.4245995E-03   5.2768704E-03   3.7475998E-03   1.3579055E-03  -1.2823709E-03  -3.3289649E-03  -4.2471953E-03  -4.0115639E-03  -3.6971410E-03
  2.8389719E-02   1.7973076E-04  -6.7255358E-09  -6.4120903E-06  -1.9516852E-02  -1.4664466E-02  -2.5514578E-03   1.1480939E-02   1.8104803E-02   1.1929756E-02  -1.0635660E-03  -1.0962301E-02  -1.3052447E-02  -8.7019356E-03  -1.7717937E-03   3.8448836E-03   6.6325828E-03   6.7050540E-03   3.9861991E-03  -3.6225882E-04  -3.9154054E-03  -5.6494423E-03  -6.0366327E-03  -5.9446416E-03
  3.4861035E-02   2.3394917E-04   3.9226769E-07  -1.6384480E-06  -1.3845974E-02  -1.2770977E-02  -8.2118181E-03   1.1630717E-03   1.1929756E-02   1.6211426E-02   1.0086001E-02  -1.3532165E-03  -1.0100773E-02  -1.2051684E-02  -7.9566562E-03  -1.6743372E-03   3.8146962E-03   6.3872742E-03   4.9980711E-03   9.4342426E-04  -2.8892998E-03  -5.2267278E-03  -6.6762788E-03  -7.1095868E-03
  2.5651529E-02   2.5984532E-04   8.5152541E-07  -2.2799550E-06  -2.5024678E-03  -4.7799580E-03  -8.4751667E-03  -8.2605638E-03  -1.0635660E-03   1.0086001E-02   1.6851082E-02   1.2769993E-02   1.4125634E-03  -8.5807089E-03  -1.1961140E-02  -9.1668881E-03  -3.2692516E-03   1.6324533E-03   3.3204685E-03   2.2078915E-03  -1.2502721E-04  -2.4690663E-03  -4.8150501E-03  -5.8550968E-03
  1.1153376E-02   2.8897848E-04   1.2204068E-06  -6.3700806E-06   6.7863019E-03   3.3009009E-03  -4.4276302E-03  -1.1143879E-02  -1.0962301E-02  -1.3532165E-03   1.2769993E-02   2.0588780E-02   1.5423073E-02   2.4857075E-03  -8.7063034E-03  -1.2948948E-02  -1.0983341E-02  -6.6325732E-03  -2.4306009E-03   5.5927927E-04   1.4281036E-03   7.9143727E-04  -7.3147007E-04  -1.5900631E-03
  5.0058490E-03   4.3373248E-04   1.0380756E-06  -1.2269016E-05   9.9854708E-03   7.4767745E-03   7.3265133E-04  -7.7566978E-03  -1.3052447E-02  -1.0100773E-02   1.4125634E-03   1.5423073E-02   2.2178386E-02   1.6759434E-02   3.8436979E-03  -7.7239331E-03  -1.3784141E-02  -1.4518794E-02  -1.1146735E-02  -5.8034690E-03  -1.7484718E-03   3.4676650E-04   1.0259422E-03   1.0465377E-03
  1.3791190E-02   7.4973717E-04   8.7679760E-07  -1.6586603E-05   7.5209091E-03   6.9520652E-03   3.9396201E-03  -1.9993750E-03  -8.7019356E-03  -1.2051684E-02  -8.5807089E-03   2.4857075E-03   1.6759434E-02   2.5043481E-02   2.0249429E-02   6.6774949E-03  -7.7599202E-03  -1.7076781E-02  -1.9003168E-02  -1.5320835E-02  -1.0518721E-02  -6.6237736E-03  -3.6533072E-03  -2.4900832E-03
  3.1536051E-02   1.1742101E-03   1.0426329E-06  -1.7047600E-05   2.7863128E-03   3.8334269E-03   4.6461976E-03   2.9560143E-03  -1.7717937E-03  -7.9566562E-03  -1.1961140E-02  -8.7063034E-03   3.8436979E-03   2.0249429E-02   2.8973859E-02   2.3347341E-02   6.9639180E-03  -1.0202672E-02  -2.0920145E-02  -2.3901151E-02  -2.2464272E-02  -1.9350987E-02  -1.5731042E-02  -1.4031648E-02
  4.6410442E-02   1.4948357E-03   1.0873656E-06  -1.3349715E-05  -9.7569436E-04   6.7793239E-04   3.6489418E-03   5.4245995E-03   3.8448836E-03  -1.6743372E-03  -9.1668881E-03  -1.2948948E-02  -7.7239331E-03   6.6774949E-03   2.3347341E-02   3.1319128E-02   2.3759513E-02   5.8395232E-03  -1.2829431E-02  -2.5913885E-02  -3.2231496E-02  -3.3552741E-02  -3.2079343E-02  -3.0998073E-02
  4.7862411E-02   1.4249512E-03   7.7082897E-07  -8.3325248E-06  -2.8410837E-03  -1.5940838E-03   1.6871378E-03   5.2768704E-03   6.6325828E-03   3.8146962E-03  -3.2692516E-03  -1.0983341E-02  -1.3784141E-02  -7.7599202E-03   6.9639180E-03   2.3759513E-02   3.2218711E-02   2.5647906E-02   6.7764766E-03  -1.5256810E-02  -3.2438043E-02  -4.2585076E-02  -4.6793058E-02  -4.7598151E-02
  2.5606788E-02   7.1157978E-04   5.3219325E-07  -6.7618225E-06  -2.8918973E-03  -2.4622422E-03  -1.1927246E-05   3.7475998E-03   6.7050540E-03   6.3872742E-03   1.6324533E-03  -6.6325732E-03  -1.4518794E-02  -1.7076781E-02  -1.0202672E-02   5.8395232E-03   2.5647906E-02   3.7286036E-02   3.0342152E-02   8.1449050E-03  -1.7132542E-02  -3.7233393E-02  -4.9250803E-02  -5.3067162E-02
 -2.1880901E-02  -7.0065100E-04   2.5385258E-07  -5.4328405E-06  -1.3926868E-03  -1.8055737E-03  -9.7696023E-04   1.3579055E-03   3.9861991E-03   4.9980711E-03   3.3204685E-03  -2.4306009E-03  -1.1146735E-02  -1.9003168E-02  -2.0920145E-02  -1.2829431E-02   6.7764766E-03   3.0342152E-02   4.2590426E-02   3.4700566E-02   1.3508288E-02  -9.6656203E-03  -2.6814348E-02  -3.3271194E-02
 -8.2415511E-02  -2.5265533E-03   1.5734111E-07  -5.5033904E-06   1.8394844E-04  -6.9976388E-04  -1.4679261E-03  -1.2823709E-03  -3.6225882E-04   9.4342426E-04   2.2078915E-03   5.5927927E-04  -5.8034690E-03  -1.5320835E-02  -2.3901151E-02  -2.5913885E-02  -1.5256810E-02   8.1449050E-03   3.4700566E-02   5.0666704E-02   5.0105095E-02   3.7580121E-02   2.3254955E-02   1.6696962E-02
 -1.4229441E-01  -4.4250026E-03   6.2014350E-07  -8.3338850E-06   5.0089495E-05  -7.1570175E-04  -2.1003712E-03  -3.3289649E-03  -3.9154054E-03  -2.8892998E-03  -1.2502721E-04   1.4281036E-03  -1.7484718E-03  -1.0518721E-02  -2.2464272E-02  -3.2231496E-02  -3.2438043E-02  -1.7132542E-02   1.3508288E-02   5.0105095E-02   7.9552701E-02   9.2747874E-02   9.2800066E-02   9.0400730E-02
 -1.8702199E-01  -5.9710166E-03   1.8449138E-06  -1.5661520E-05  -2.2893260E-03  -2.1929767E-03  -2.8186913E-03  -4.2471953E-03  -5.6494423E-03  -5.2267278E-03  -2.4690663E-03   7.9143727E-04   3.4676650E-04  -6.6237736E-03  -1.9350987E-02  -3.3552741E-02  -4.2585076E-02  -3.7233393E-02  -9.6656203E-03   3.7580121E-02   9.2747874E-02   1.3927971E-01   1.6531201E-01   1.7264293E-01
 -2.1059084E-01  -6.8563390E-03   3.1195409E-06  -2.4753544E-05  -4.8719704E-03  -3.6386784E-03  -2.8963964E-03  -4.0115639E-03  -6.0366327E-03  -6.6762788E-03  -4.8150501E-03  -7.3147007E-04   1.0259422E-03  -3.6533072E-03  -1.5731042E-02  -3.2079343E-02  -4.6793058E-02  -4.9250803E-02  -2.6814348E-02   2.3254955E-02   9.2800066E-02   1.6531201E-01   2.1918421E-01   2.3999666E-01
 -2.1663566E-01  -7.1199147E-03   4.0201847E-06  -3.0816586E-05  -6.1649416E-03  -4.2951379E-03  -2.7872040E-03  -3.6971410E-03  -5.9446416E-03  -7.1095868E-03  -5.8550968E-03  -1.5900631E-03   1.0465377E-03  -2.4900832E-03  -1.4031648E-02  -3.0998073E-02  -4.7598151E-02  -5.3067162E-02  -3.3271194E-02   1.6696962E-02   9.0400730E-02   1.7264293E-01   2.3999666E-01   2.6977837E-01
