  1.0000000E+00   7.1302282E-01   7.9795425E-02  -6.9342225E-02  -5.2884309E-01  -5.7149510E-01  -4.5641833E-01   1.2388494E-02   2.6704189E-01   3.4653322E-01   2.5010051E-01   9.8379868E-02   4.2542987E-02   1.1029850E-01   2.3448732E-01   3.3191439E-01   3.3748595E-01   1.6784067E-01  -1.3419132E-01  -4.6340727E-01  -6.3852157E-01  -6.3425509E-01  -5.6931161E-01  -5.2788777E-01   7.9934015E-02
  7.1302282E-01   1.0000000E+00   1.2968288E-01  -1.1055985E-01   5.8349269E-02   6.7831029E-02   7.8655454E-02   6.3387289E-02   7.2775965E-02   1.0010905E-01   1.0905949E-01   1.0972679E-01   1.5867899E-01   2.5812149E-01   3.7584182E-01   4.6020473E-01   4.3252218E-01   2.0077653E-01  -1.8497295E-01  -6.1154667E-01  -8.5476853E-01  -8.7169953E-01  -7.9790302E-01  -7.4685054E-01   1.2978271E-01
  7.9795425E-02   1.2968288E-01   1.0000000E+00  -3.9393131E-01   3.7801400E-02   3.0612986E-02   6.0274280E-03  -1.1016468E-02  -3.9834863E-04   2.4553040E-02   5.2277770E-02   6.7783294E-02   5.5551699E-02   4.4155555E-02   4.8815935E-02   4.8967067E-02   3.4224515E-02   2.1964919E-02   9.8029985E-03   5.5707573E-03   1.7522581E-02   3.9397212E-02   5.3103041E-02   6.1684464E-02   9.9998187E-01
 -6.9342225E-02  -1.1055985E-01  -3.9393131E-01   1.0000000E+00  -1.1659631E-03  -2.9224985E-02  -9.1642290E-02  -9.9892036E-02  -5.3098347E-02  -1.4338387E-02  -1.9569992E-02  -4.9466126E-02  -9.1795849E-02  -1.1678535E-01  -1.1159336E-01  -8.4051494E-02  -5.1725037E-02  -3.9018353E-02  -2.9332511E-02  -2.7242519E-02  -3.2922917E-02  -4.6759327E-02  -5.8912985E-02  -6.6108794E-02  -3.9390740E-01
 -5.2884309E-01   5.8349269E-02   3.7801400E-02  -1.1659631E-03   1.0000000E+00   9.4870668E-01   4.0887399E-01  -4.3537997E-01  -6.4062540E-01  -4.8029069E-01  -8.5142400E-02   2.0888592E-01   2.9613849E-01   2.0990089E-01   7.2296620E-02  -2.4350072E-02  -6.9907091E-02  -6.6145613E-02  -2.9804975E-02   3.6093256E-03   7.8435103E-04  -2.7092868E-02  -4.5961193E-02  -5.2422375E-02   3.7740676E-02
 -5.7149510E-01   6.7831029E-02   3.0612986E-02  -2.9224985E-02   9.4870668E-01   1.0000000E+00   6.3639296E-01  -2.8353751E-01  -6.4011036E-01  -5.8911357E-01  -2.1626971E-01   1.3511473E-01   2.9487287E-01   2.5801918E-01   1.3227249E-01   2.2499199E-02  -5.2160601E-02  -7.4893336E-02  -5.1385991E-02  -1.8258946E-02  -1.4903563E-02  -3.4512435E-02  -4.5648294E-02  -4.8568988E-02   3.0520834E-02
 -4.5641833E-01   7.8655454E-02   6.0274280E-03  -9.1642290E-02   4.0887399E-01   6.3639296E-01   1.0000000E+00   4.6861134E-01  -1.7467397E-01  -5.9410799E-01  -6.0141054E-01  -2.8424493E-01   4.5317825E-02   2.2932092E-01   2.5143816E-01   1.8993229E-01   8.6583109E-02  -5.6898886E-04  -4.3607138E-02  -6.0073030E-02  -6.8597023E-02  -6.9572926E-02  -5.6988870E-02  -4.9431284E-02   5.9600646E-03
  1.2388494E-02   6.3387289E-02  -1.1016468E-02  -9.9892036E-02  -4.3537997E-01  -2.8353751E-01   4.6861134E-01   1.0000000E+00   7.1752655E-01   7.6816298E-02  -5.3512258E-01  -6.5309834E-01  -4.3799523E-01  -1.0624399E-01   1.4603631E-01   2.5776285E-01   2.4721786E-01   1.6320655E-01   5.5331321E-02  -4.7908197E-02  -9.9251991E-02  -9.5700847E-02  -7.2055404E-02  -5.9857689E-02  -1.0970785E-02
  2.6704189E-01   7.2775965E-02  -3.9834863E-04  -5.3098347E-02  -6.4062540E-01  -6.4011036E-01  -1.7467397E-01   7.1752655E-01   1.0000000E+00   6.9634436E-01  -6.0891073E-02  -5.6779234E-01  -6.5137349E-01  -4.0866892E-01  -7.7359399E-02   1.6146614E-01   2.7461971E-01   2.5806688E-01   1.4355096E-01  -1.1960814E-02  -1.0316975E-01  -1.1250317E-01  -9.5828174E-02  -8.5059969E-02  -3.0467334E-04
  3.4653322E-01   1.0010905E-01   2.4553040E-02  -1.4338387E-02  -4.8029069E-01  -5.8911357E-01  -5.9410799E-01   7.6816298E-02   6.9634436E-01   1.0000000E+00   6.1023134E-01  -7.4069835E-02  -5.3269551E-01  -5.9812198E-01  -3.6712741E-01  -7.4306615E-02   1.6691496E-01   2.5979563E-01   1.9021108E-01   3.2918126E-02  -8.0455277E-02  -1.0999561E-01  -1.1200031E-01  -1.0750538E-01   2.4639446E-02
  2.5010051E-01   1.0905949E-01   5.2277770E-02  -1.9569992E-02  -8.5142400E-02  -2.1626971E-01  -6.0141054E-01  -5.3512258E-01  -6.0891073E-02   6.1023134E-01   1.0000000E+00   6.8558522E-01   7.3068312E-02  -4.1769754E-01  -5.4132179E-01  -3.9902784E-01  -1.4030733E-01   6.5125904E-02   1.2394513E-01   7.5561835E-02  -3.4147836E-03  -5.0965340E-02  -7.9228654E-02  -8.6839362E-02   5.2285776E-02
  9.8379868E-02   1.0972679E-01   6.7783294E-02  -4.9466126E-02   2.0888592E-01   1.3511473E-01  -2.8424493E-01  -6.5309834E-01  -5.6779234E-01  -7.4069835E-02   6.8558522E-01   1.0000000E+00   7.2175637E-01   1.0946805E-01  -3.5646371E-01  -5.0993443E-01  -4.2644703E-01  -2.3938318E-01  -8.2080949E-02   1.7316180E-02   3.5287180E-02   1.4779416E-02  -1.0888715E-02  -2.1335140E-02   6.7881130E-02
  4.2542987E-02   1.5867899E-01   5.5551699E-02  -9.1795849E-02   2.9613849E-01   2.9487287E-01   4.5317825E-02  -4.3799523E-01  -6.5137349E-01  -5.3269551E-01   7.3068312E-02   7.2175637E-01   1.0000000E+00   7.1112678E-01   1.5162859E-01  -2.9306820E-01  -5.1565670E-01  -5.0488500E-01  -3.6268261E-01  -1.7312563E-01  -4.1626144E-02   6.2391903E-03   1.4714764E-02   1.3529644E-02   5.5675484E-02
  1.1029850E-01   2.5812149E-01   4.4155555E-02  -1.1678535E-01   2.0990089E-01   2.5801918E-01   2.2932092E-01  -1.0624399E-01  -4.0866892E-01  -5.9812198E-01  -4.1769754E-01   1.0946805E-01   7.1112678E-01   1.0000000E+00   7.5173065E-01   2.3843027E-01  -2.7318436E-01  -5.5883752E-01  -5.8186559E-01  -4.3010427E-01  -2.3566121E-01  -1.1215385E-01  -4.9309910E-02  -3.0294442E-02   4.4168645E-02
  2.3448732E-01   3.7584182E-01   4.8815935E-02  -1.1159336E-01   7.2296620E-02   1.3227249E-01   2.5143816E-01   1.4603631E-01  -7.7359399E-02  -3.6712741E-01  -5.4132179E-01  -3.5646371E-01   1.5162859E-01   7.5173065E-01   1.0000000E+00   7.7504949E-01   2.2792733E-01  -3.1041138E-01  -5.9553258E-01  -6.2381285E-01  -4.6790934E-01  -3.0461832E-01  -1.9740116E-01  -1.5870915E-01   4.8713579E-02
  3.3191439E-01   4.6020473E-01   4.8967067E-02  -8.4051494E-02  -2.4350072E-02   2.2499199E-02   1.8993229E-01   2.5776285E-01   1.6146614E-01  -7.4306615E-02  -3.9902784E-01  -5.0993443E-01  -2.9306820E-01   2.3843027E-01   7.7504949E-01   1.0000000E+00   7.4796044E-01   1.7088323E-01  -3.5127445E-01  -6.5052857E-01  -6.4572584E-01  -5.0801817E-01  -3.8718275E-01  -3.3723008E-01   4.8833197E-02
  3.3748595E-01   4.3252218E-01   3.4224515E-02  -5.1725037E-02  -6.9907091E-02  -5.2160601E-02   8.6583109E-02   2.4721786E-01   2.7461971E-01   1.6691496E-01  -1.4030733E-01  -4.2644703E-01  -5.1565670E-01  -2.7318436E-01   2.2792733E-01   7.4796044E-01   1.0000000E+00   7.3998808E-01   1.8293377E-01  -3.7761422E-01  -6.4072712E-01  -6.3571055E-01  -5.5683011E-01  -5.1054314E-01   3.4131668E-02
  1.6784067E-01   2.0077653E-01   2.1964919E-02  -3.9018353E-02  -6.6145613E-02  -7.4893336E-02  -5.6898886E-04   1.6320655E-01   2.5806688E-01   2.5979563E-01   6.5125904E-02  -2.3938318E-01  -5.0488500E-01  -5.5883752E-01  -3.1041138E-01   1.7088323E-01   7.3998808E-01   1.0000000E+00   7.6140773E-01   1.8739223E-01  -3.1457284E-01  -5.1667277E-01  -5.4479808E-01  -5.2911393E-01   2.1935168E-02
 -1.3419132E-01  -1.8497295E-01   9.8029985E-03  -2.9332511E-02  -2.9804975E-02  -5.1385991E-02  -4.3607138E-02   5.5331321E-02   1.4355096E-01   1.9021108E-01   1.2394513E-01  -8.2080949E-02  -3.6268261E-01  -5.8186559E-01  -5.9553258E-01  -3.5127445E-01   1.8293377E-01   7.6140773E-01   1.0000000E+00   7.4699766E-01   2.3206885E-01  -1.2549598E-01  -2.7752787E-01  -3.1039079E-01   9.8210738E-03
 -4.6340727E-01  -6.1154667E-01   5.5707573E-03  -2.7242519E-02   3.6093256E-03  -1.8258946E-02  -6.0073030E-02  -4.7908197E-02  -1.1960814E-02   3.2918126E-02   7.5561835E-02   1.7316180E-02  -1.7312563E-01  -4.3010427E-01  -6.2381285E-01  -6.5052857E-01  -3.7761422E-01   1.8739223E-01   7.4699766E-01   1.0000000E+00   7.8921094E-01   4.4735564E-01   2.2067317E-01   1.4281459E-01   5.5627191E-03
 -6.3852157E-01  -8.5476853E-01   1.7522581E-02  -3.2922917E-02   7.8435103E-04  -1.4903563E-02  -6.8597023E-02  -9.9251991E-02  -1.0316975E-01  -8.0455277E-02  -3.4147836E-03   3.5287180E-02  -4.1626144E-02  -2.3566121E-01  -4.6790934E-01  -6.4572584E-01  -6.4072712E-01  -3.1457284E-01   2.3206885E-01   7.8921094E-01   1.0000000E+00   8.8111494E-01   7.0277481E-01   6.1707921E-01   1.7441535E-02
 -6.3425509E-01  -8.7169953E-01   3.9397212E-02  -4.6759327E-02  -2.7092868E-02  -3.4512435E-02  -6.9572926E-02  -9.5700847E-02  -1.1250317E-01  -1.0999561E-01  -5.0965340E-02   1.4779416E-02   6.2391903E-03  -1.1215385E-01  -3.0461832E-01  -5.0801817E-01  -6.3571055E-01  -5.1667277E-01  -1.2549598E-01   4.4735564E-01   8.8111494E-01   1.0000000E+00   9.4614096E-01   8.9063819E-01   3.9301239E-02
 -5.6931161E-01  -7.9790302E-01   5.3103041E-02  -5.8912985E-02  -4.5961193E-02  -4.5648294E-02  -5.6988870E-02  -7.2055404E-02  -9.5828174E-02  -1.1200031E-01  -7.9228654E-02  -1.0888715E-02   1.4714764E-02  -4.9309910E-02  -1.9740116E-01  -3.8718275E-01  -5.5683011E-01  -5.4479808E-01  -2.7752787E-01   2.2067317E-01   7.0277481E-01   9.4614096E-01   1.0000000E+00   9.8695419E-01   5.3050012E-02
 -5.2788777E-01  -7.4685054E-01   6.1684464E-02  -6.6108794E-02  -5.2422375E-02  -4.8568988E-02  -4.9431284E-02  -5.9857689E-02  -8.5059969E-02  -1.0750538E-01  -8.6839362E-02  -2.1335140E-02   1.3529644E-02  -3.0294442E-02  -1.5870915E-01  -3.3723008E-01  -5.1054314E-01  -5.2911393E-01  -3.1039079E-01   1.4281459E-01   6.1707921E-01   8.9063819E-01   9.8695419E-01   1.0000000E+00   6.1666683E-02
  7.9934015E-02   1.2978271E-01   9.9998187E-01  -3.9390740E-01   3.7740676E-02   3.0520834E-02   5.9600646E-03  -1.0970785E-02  -3.0467334E-04   2.4639446E-02   5.2285776E-02   6.7881130E-02   5.5675484E-02   4.4168645E-02   4.8713579E-02   4.8833197E-02   3.4131668E-02   2.1935168E-02   9.8210738E-03   5.5627191E-03   1.7441535E-02   3.9301239E-02   5.3050012E-02   6.1666683E-02   1.0000000E+00
