  1.0000000E+00   7.1966107E-01   1.2283749E-01  -8.2520527E-02  -5.3977120E-01  -5.7647697E-01  -4.3184913E-01   4.0694086E-02   2.6854463E-01   3.2157537E-01   2.3562043E-01   1.0663044E-01   5.2781643E-02   1.0823260E-01   2.1303008E-01   2.9869227E-01   2.9746847E-01   1.5856886E-01  -1.0549133E-01  -4.2156668E-01  -6.1316127E-01  -6.1856748E-01  -5.5809892E-01  -5.1948257E-01   1.2293802E-01
  7.1966107E-01   1.0000000E+00   1.3938395E-01  -1.5620985E-01   2.9505029E-02   4.8011997E-02   9.2923975E-02   9.5271301E-02   8.6194626E-02   9.5066641E-02   9.7727127E-02   9.6079768E-02   1.4180870E-01   2.4814371E-01   3.6522553E-01   4.4510442E-01   4.2194876E-01   2.3017735E-01  -1.2489873E-01  -5.6380141E-01  -8.4766176E-01  -8.7240615E-01  -7.9733912E-01  -7.4830080E-01   1.3960402E-01
  1.2283749E-01   1.3938395E-01   1.0000000E+00  -3.7946064E-01  -5.0173427E-03  -1.0392803E-02  -1.3084873E-02  -9.4236158E-03  -1.8213967E-02   8.1986746E-03   7.0458696E-02   1.0414984E-01   9.1827884E-02   6.4918973E-02   4.1412645E-02   3.8334259E-02   3.7639484E-02   2.3809661E-02  -1.6403899E-03  -2.7917646E-02  -1.4022682E-02   2.1933215E-02   4.1035676E-02   4.9823685E-02   9.9998066E-01
 -8.2520527E-02  -1.5620985E-01  -3.7946064E-01   1.0000000E+00  -2.3038261E-02  -5.1202252E-02  -1.2474188E-01  -1.3408703E-01  -6.8247746E-02  -4.5279108E-03   1.9736376E-02  -4.8956951E-03  -5.6434092E-02  -1.1198925E-01  -1.3989966E-01  -1.3733297E-01  -1.2815925E-01  -1.1110047E-01  -7.6830949E-02  -3.0237234E-02   1.3025476E-02   3.0265457E-02   3.5703791E-02   3.3944077E-02  -3.7932452E-01
 -5.3977120E-01   2.9505029E-02  -5.0173427E-03  -2.3038261E-02   1.0000000E+00   9.4844883E-01   3.9049211E-01  -4.4611675E-01  -6.4122564E-01  -4.6508631E-01  -9.6924777E-02   1.8274932E-01   2.7168456E-01   2.0970874E-01   9.1950494E-02  -8.0761552E-03  -5.3333022E-02  -4.5529366E-02  -1.3621964E-02   3.1511834E-03  -8.7945510E-03  -2.4072171E-02  -2.9045002E-02  -3.1533165E-02  -4.9647691E-03
 -5.7647697E-01   4.8011997E-02  -1.0392803E-02  -5.1202252E-02   9.4844883E-01   1.0000000E+00   6.2052782E-01  -2.9564862E-01  -6.4299252E-01  -5.7328395E-01  -2.2103106E-01   1.1433203E-01   2.7291669E-01   2.5523929E-01   1.5126980E-01   4.4613262E-02  -2.1820994E-02  -4.0107575E-02  -2.9504522E-02  -2.3278607E-02  -3.5351322E-02  -4.4983145E-02  -4.4554171E-02  -4.4304686E-02  -1.0323941E-02
 -4.3184913E-01   9.2923975E-02  -1.3084873E-02  -1.2474188E-01   3.9049211E-01   6.2052782E-01   1.0000000E+00   4.7192335E-01  -1.7492509E-01  -5.8593910E-01  -5.9517624E-01  -3.0274509E-01   2.8463279E-02   2.3106868E-01   2.8000846E-01   2.3511921E-01   1.4600180E-01   5.4820598E-02  -1.9382462E-02  -7.6538203E-02  -1.0851729E-01  -1.0974733E-01  -9.7937481E-02  -9.1476663E-02  -1.2984037E-02
  4.0694086E-02   9.5271301E-02  -9.4236158E-03  -1.3408703E-01  -4.4611675E-01  -2.9564862E-01   4.7192335E-01   1.0000000E+00   7.1221346E-01   6.3542227E-02  -5.1835178E-01  -6.4954233E-01  -4.2866981E-01  -9.0872904E-02   1.6607127E-01   2.8714111E-01   2.7999834E-01   1.8877157E-01   6.2828059E-02  -5.4514172E-02  -1.1794920E-01  -1.2735150E-01  -1.2107159E-01  -1.1585546E-01  -9.3221667E-03
  2.6854463E-01   8.6194626E-02  -1.8213967E-02  -6.8247746E-02  -6.4122564E-01  -6.4299252E-01  -1.7492509E-01   7.1221346E-01   1.0000000E+00   6.8887278E-01  -3.3442145E-02  -5.4892187E-01  -6.3712363E-01  -4.0306414E-01  -8.5927213E-02   1.5772820E-01   2.6732043E-01   2.4561765E-01   1.3526060E-01  -2.8346942E-03  -9.0513963E-02  -1.1301259E-01  -1.1464604E-01  -1.1165021E-01  -1.8143721E-02
  3.2157537E-01   9.5066641E-02   8.1986746E-03  -4.5279108E-03  -4.6508631E-01  -5.7328395E-01  -5.8593910E-01   6.3542227E-02   6.8887278E-01   1.0000000E+00   6.3864844E-01  -4.6874668E-02  -5.2834013E-01  -6.0874304E-01  -3.9776110E-01  -1.0324945E-01   1.2911389E-01   2.1925046E-01   1.7220142E-01   5.2248870E-02  -4.4800745E-02  -8.3154069E-02  -9.4199287E-02  -9.3275263E-02   8.1819891E-03
  2.3562043E-01   9.7727127E-02   7.0458696E-02   1.9736376E-02  -9.6924777E-02  -2.2103106E-01  -5.9517624E-01  -5.1835178E-01  -3.3442145E-02   6.3864844E-01   1.0000000E+00   6.7725166E-01   3.3701205E-02  -4.5330791E-01  -5.7190157E-01  -4.2154093E-01  -1.6540339E-01   3.7626203E-02   1.1705852E-01   9.3623329E-02   2.6927119E-02  -2.2869246E-02  -4.4652872E-02  -4.7370005E-02   7.0291115E-02
  1.0663044E-01   9.6079768E-02   1.0414984E-01  -4.8956951E-03   1.8274932E-01   1.1433203E-01  -3.0274509E-01  -6.4954233E-01  -5.4892187E-01  -4.6874668E-02   6.7725166E-01   1.0000000E+00   7.0276194E-01   8.8223479E-02  -3.7870662E-01  -5.4068127E-01  -4.4945494E-01  -2.5494361E-01  -7.9972755E-02   3.1158959E-02   5.7153210E-02   3.8008789E-02   2.2528109E-02   1.9247783E-02   1.0402773E-01
  5.2781643E-02   1.4180870E-01   9.1827884E-02  -5.6434092E-02   2.7168456E-01   2.7291669E-01   2.8463279E-02  -4.2866981E-01  -6.3712363E-01  -5.2834013E-01   3.3701205E-02   7.0276194E-01   1.0000000E+00   7.1668030E-01   1.5764429E-01  -3.1240824E-01  -5.2631045E-01  -5.0336374E-01  -3.5307540E-01  -1.6506585E-01  -3.1024187E-02   2.0372119E-02   3.4416812E-02   3.6735955E-02   9.1872751E-02
  1.0823260E-01   2.4814371E-01   6.4918973E-02  -1.1198925E-01   2.0970874E-01   2.5523929E-01   2.3106868E-01  -9.0872904E-02  -4.0306414E-01  -6.0874304E-01  -4.5330791E-01   8.8223479E-02   7.1668030E-01   1.0000000E+00   7.5329278E-01   2.1923932E-01  -2.7251819E-01  -5.2731253E-01  -5.4817195E-01  -4.1827138E-01  -2.3911689E-01  -1.1230890E-01  -5.0179868E-02  -3.2471987E-02   6.5081854E-02
  2.1303008E-01   3.6522553E-01   4.1412645E-02  -1.3989966E-01   9.1950494E-02   1.5126980E-01   2.8000846E-01   1.6607127E-01  -8.5927213E-02  -3.9776110E-01  -5.7190157E-01  -3.7870662E-01   1.5764429E-01   7.5329278E-01   1.0000000E+00   7.6159979E-01   2.2865019E-01  -2.7006756E-01  -5.5621790E-01  -6.1439377E-01  -4.7885154E-01  -3.0553485E-01  -1.9916031E-01  -1.6350320E-01   4.1554708E-02
  2.9869227E-01   4.4510442E-01   3.8334259E-02  -1.3733297E-01  -8.0761552E-03   4.4613262E-02   2.3511921E-01   2.8714111E-01   1.5772820E-01  -1.0324945E-01  -4.2154093E-01  -5.4068127E-01  -3.1240824E-01   2.1923932E-01   7.6159979E-01   1.0000000E+00   7.6068206E-01   2.2690336E-01  -2.9400175E-01  -6.2586662E-01  -6.5131170E-01  -5.0778417E-01  -3.8864542E-01  -3.4263859E-01   3.8385605E-02
  2.9746847E-01   4.2194876E-01   3.7639484E-02  -1.2815925E-01  -5.3333022E-02  -2.1820994E-02   1.4600180E-01   2.7999834E-01   2.6732043E-01   1.2911389E-01  -1.6540339E-01  -4.4945494E-01  -5.2631045E-01  -2.7251819E-01   2.2865019E-01   7.6068206E-01   1.0000000E+00   7.6526433E-01   2.2799062E-01  -3.4005893E-01  -6.3278432E-01  -6.3149198E-01  -5.5531913E-01  -5.1415661E-01   3.7661008E-02
  1.5856886E-01   2.3017735E-01   2.3809661E-02  -1.1110047E-01  -4.5529366E-02  -4.0107575E-02   5.4820598E-02   1.8877157E-01   2.4561765E-01   2.1925046E-01   3.7626203E-02  -2.5494361E-01  -5.0336374E-01  -5.2731253E-01  -2.7006756E-01   2.2690336E-01   7.6526433E-01   1.0000000E+00   7.6658774E-01   1.9259764E-01  -3.3499420E-01  -5.4659369E-01  -5.7185240E-01  -5.5817459E-01   2.3877727E-02
 -1.0549133E-01  -1.2489873E-01  -1.6403899E-03  -7.6830949E-02  -1.3621964E-02  -2.9504522E-02  -1.9382462E-02   6.2828059E-02   1.3526060E-01   1.7220142E-01   1.1705852E-01  -7.9972755E-02  -3.5307540E-01  -5.4817195E-01  -5.5621790E-01  -2.9400175E-01   2.2799062E-01   7.6658774E-01   1.0000000E+00   7.4349804E-01   1.9447562E-01  -1.9246674E-01  -3.4450839E-01  -3.7710740E-01  -1.5424856E-03
 -4.2156668E-01  -5.6380141E-01  -2.7917646E-02  -3.0237234E-02   3.1511834E-03  -2.3278607E-02  -7.6538203E-02  -5.4514172E-02  -2.8346942E-03   5.2248870E-02   9.3623329E-02   3.1158959E-02  -1.6506585E-01  -4.1827138E-01  -6.1439377E-01  -6.2586662E-01  -3.4005893E-01   1.9259764E-01   7.4349804E-01   1.0000000E+00   7.6648463E-01   3.8424995E-01   1.5057093E-01   7.3787458E-02  -2.7909463E-02
 -6.1316127E-01  -8.4766176E-01  -1.4022682E-02   1.3025476E-02  -8.7945510E-03  -3.5351322E-02  -1.0851729E-01  -1.1794920E-01  -9.0513963E-02  -4.4800745E-02   2.6927119E-02   5.7153210E-02  -3.1024187E-02  -2.3911689E-01  -4.7885154E-01  -6.5131170E-01  -6.3278432E-01  -3.3499420E-01   1.9447562E-01   7.6648463E-01   1.0000000E+00   8.6530963E-01   6.8012744E-01   5.9633092E-01  -1.4204634E-02
 -6.1856748E-01  -8.7240615E-01   2.1933215E-02   3.0265457E-02  -2.4072171E-02  -4.4983145E-02  -1.0974733E-01  -1.2735150E-01  -1.1301259E-01  -8.3154069E-02  -2.2869246E-02   3.8008789E-02   2.0372119E-02  -1.1230890E-01  -3.0553485E-01  -5.0778417E-01  -6.3149198E-01  -5.4659369E-01  -1.9246674E-01   3.8424995E-01   8.6530963E-01   1.0000000E+00   9.4709027E-01   8.9502566E-01   2.1636199E-02
 -5.5809892E-01  -7.9733912E-01   4.1035676E-02   3.5703791E-02  -2.9045002E-02  -4.4554171E-02  -9.7937481E-02  -1.2107159E-01  -1.1464604E-01  -9.4199287E-02  -4.4652872E-02   2.2528109E-02   3.4416812E-02  -5.0179868E-02  -1.9916031E-01  -3.8864542E-01  -5.5531913E-01  -5.7185240E-01  -3.4450839E-01   1.5057093E-01   6.8012744E-01   9.4709027E-01   1.0000000E+00   9.8806090E-01   4.0755387E-02
 -5.1948257E-01  -7.4830080E-01   4.9823685E-02   3.3944077E-02  -3.1533165E-02  -4.4304686E-02  -9.1476663E-02  -1.1585546E-01  -1.1165021E-01  -9.3275263E-02  -4.7370005E-02   1.9247783E-02   3.6735955E-02  -3.2471987E-02  -1.6350320E-01  -3.4263859E-01  -5.1415661E-01  -5.5817459E-01  -3.7710740E-01   7.3787458E-02   5.9633092E-01   8.9502566E-01   9.8806090E-01   1.0000000E+00   4.9594952E-02
  1.2293802E-01   1.3960402E-01   9.9998066E-01  -3.7932452E-01  -4.9647691E-03  -1.0323941E-02  -1.2984037E-02  -9.3221667E-03  -1.8143721E-02   8.1819891E-03   7.0291115E-02   1.0402773E-01   9.1872751E-02   6.5081854E-02   4.1554708E-02   3.8385605E-02   3.7661008E-02   2.3877727E-02  -1.5424856E-03  -2.7909463E-02  -1.4204634E-02   2.1636199E-02   4.0755387E-02   4.9594952E-02   1.0000000E+00
