# H0 MB omegabh2 omegach2 DDE_w0 DDE_w1 DDE_w2 DDE_w3 DDE_w4 DDE_w5 DDE_w6 DDE_w7 DDE_w8 DDE_w9 DDE_w10 DDE_w11 DDE_w12 DDE_w13 DDE_w14 DDE_w15 DDE_w16 DDE_w17 DDE_w18 DDE_w19
  6.1006493E-01   1.0186429E-02   1.2200474E-05  -5.7075576E-05  -9.4243757E-02  -7.5672215E-02  -3.6210893E-02   3.7810751E-03   2.7917177E-02   3.2486028E-02   2.4237067E-02   1.1753639E-02   6.1527870E-03   1.3664414E-02   2.8561623E-02   4.1687436E-02   4.3384597E-02   2.4656334E-02  -1.7231946E-02  -7.4008755E-02  -1.3349817E-01  -1.8215128E-01  -2.1129613E-01  -2.1956829E-01
  1.0186429E-02   3.2840657E-04   3.2120067E-07  -2.5067706E-06   1.1952447E-04   1.4622517E-04   1.8078103E-04   2.0538276E-04   2.0789934E-04   2.2282293E-04   2.3323844E-04   2.4572027E-04   3.8353918E-04   7.2686553E-04   1.1361115E-03   1.4413219E-03   1.4278160E-03   8.3040715E-04  -4.7336206E-04  -2.2964705E-03  -4.2819450E-03  -5.9604869E-03  -7.0039224E-03  -7.3382541E-03
  1.2200474E-05   3.2120067E-07   1.6170204E-08  -4.2729200E-08  -1.4262195E-07  -2.2210425E-07  -1.7862671E-07  -1.4255134E-07  -3.0826859E-07   1.3484262E-07   1.1799712E-06   1.8690437E-06   1.7427427E-06   1.3343638E-06   9.0395046E-07   8.7103978E-07   8.9373343E-07   6.0274486E-07  -4.3624889E-08  -7.9793098E-07  -4.9705150E-07   1.0515190E-06   2.5293660E-06   3.4285004E-06
 -5.7075576E-05  -2.5067706E-06  -4.2729200E-08   7.8415254E-07  -4.5604198E-06  -7.6200144E-06  -1.1858553E-05  -1.4124823E-05  -8.0436948E-06  -5.1858977E-07   2.3016896E-06  -6.1181166E-07  -7.4583501E-06  -1.6029556E-05  -2.1265268E-05  -2.1730426E-05  -2.1191263E-05  -1.9585683E-05  -1.4228725E-05  -6.0182625E-06   3.2151886E-06   1.0104262E-05   1.5325228E-05   1.6265780E-05
 -9.4243757E-02   1.1952447E-04  -1.4262195E-07  -4.5604198E-06   4.9970041E-02   3.5631590E-02   9.3710073E-03  -1.1863132E-02  -1.9077995E-02  -1.3446654E-02  -2.8534399E-03   5.7651916E-03   9.0640181E-03   7.5773310E-03   3.5282783E-03  -3.2259132E-04  -2.2261665E-03  -2.0261380E-03  -6.3683080E-04   1.5832785E-04  -5.4800068E-04  -2.0287439E-03  -3.1471583E-03  -3.8144596E-03
 -7.5672215E-02   1.4622517E-04  -2.2210425E-07  -7.6200144E-06   3.5631590E-02   2.8244436E-02   1.1195587E-02  -5.9106914E-03  -1.4382665E-02  -1.2461262E-02  -4.8921395E-03   2.7116740E-03   6.8453788E-03   6.9336012E-03   4.3638779E-03   1.3397495E-03  -6.8477451E-04  -1.3418854E-03  -1.0370138E-03  -8.7933068E-04  -1.6560929E-03  -2.8501871E-03  -3.6295030E-03  -4.0292733E-03
 -3.6210893E-02   1.8078103E-04  -1.7862671E-07  -1.1858553E-05   9.3710073E-03   1.1195587E-02   1.1524931E-02   6.0267975E-03  -2.4994144E-03  -8.1357471E-03  -8.4148004E-03  -4.5866899E-03   4.5604220E-04   4.0096376E-03   5.1599350E-03   4.5102482E-03   2.9267389E-03   1.1716165E-03  -4.3516864E-04  -1.8468270E-03  -3.2473617E-03  -4.4419150E-03  -5.0963638E-03  -5.3142268E-03
  3.7810751E-03   2.0538276E-04  -1.4255134E-07  -1.4124823E-05  -1.1863132E-02  -5.9106914E-03   6.0267975E-03   1.4151157E-02   1.1276469E-02   9.7765183E-04  -8.1208154E-03  -1.0904520E-02  -7.6106161E-03  -1.7473313E-03   3.3911296E-03   6.1035784E-03   6.2195366E-03   4.4704901E-03   1.5630725E-03  -1.4575860E-03  -3.9111417E-03  -5.7115914E-03  -6.9812077E-03  -7.4580123E-03
  2.7917177E-02   2.0789934E-04  -3.0826859E-07  -8.0436948E-06  -1.9077995E-02  -1.4382665E-02  -2.4994144E-03   1.1276469E-02   1.7714708E-02   1.1858556E-02  -5.8619242E-04  -1.0310522E-02  -1.2655860E-02  -8.6713364E-03  -1.9631417E-03   3.7511939E-03   6.6436348E-03   6.5080240E-03   3.7650245E-03  -8.4801200E-05  -3.3581118E-03  -5.6708859E-03  -7.3963656E-03  -8.0415016E-03
  3.2486028E-02   2.2282293E-04   1.3484262E-07  -5.1858977E-07  -1.3446654E-02  -1.2461262E-02  -8.1357471E-03   9.7765183E-04   1.1858556E-02   1.6728293E-02   1.0878443E-02  -8.5559281E-04  -1.0198595E-02  -1.2726375E-02  -8.8308402E-03  -2.3861993E-03   3.1182100E-03   5.6453243E-03   4.6579201E-03   1.5189081E-03  -1.6151900E-03  -4.0547718E-03  -5.9056235E-03  -6.5283420E-03
  2.4237067E-02   2.3323844E-04   1.1799712E-06   2.3016896E-06  -2.8534399E-03  -4.8921395E-03  -8.4148004E-03  -8.1208154E-03  -5.8619242E-04   1.0878443E-02   1.7344355E-02   1.2587291E-02   6.6240781E-04  -9.6497764E-03  -1.2928683E-02  -9.9200075E-03  -4.0675237E-03   9.8648852E-04   3.2241229E-03   2.7713536E-03   9.8851107E-04  -1.1355023E-03  -2.8504984E-03  -3.3759275E-03
  1.1753639E-02   2.4572027E-04   1.8690437E-06  -6.1181166E-07   5.7651916E-03   2.7116740E-03  -4.5866899E-03  -1.0904520E-02  -1.0310522E-02  -8.5559281E-04   1.2587291E-02   1.9916189E-02   1.4801724E-02   2.0124828E-03  -9.1740253E-03  -1.3634450E-02  -1.1843931E-02  -7.1625854E-03  -2.3603406E-03   9.8835928E-04   2.2483107E-03   2.0222938E-03   1.5410623E-03   1.4699225E-03
  6.1527870E-03   3.8353918E-04   1.7427427E-06  -7.4583501E-06   9.0640181E-03   6.8453788E-03   4.5604220E-04  -7.6106161E-03  -1.2655860E-02  -1.0198595E-02   6.6240781E-04   1.4801724E-02   2.2274189E-02   1.7289056E-02   4.0386211E-03  -8.3313733E-03  -1.4667279E-02  -1.4955655E-02  -1.1020414E-02  -5.5371587E-03  -1.2906662E-03   1.1462893E-03   2.4897969E-03   2.9668999E-03
  1.3664414E-02   7.2686553E-04   1.3343638E-06  -1.6029556E-05   7.5773310E-03   6.9336012E-03   4.0096376E-03  -1.7473313E-03  -8.6713364E-03  -1.2726375E-02  -9.6497764E-03   2.0124828E-03   1.7289056E-02   2.6127013E-02   2.0900785E-02   6.3322273E-03  -8.2252098E-03  -1.6968191E-02  -1.8530673E-02  -1.5196088E-02  -1.0773770E-02  -6.8440972E-03  -3.9315765E-03  -2.8403009E-03
  2.8561623E-02   1.1361115E-03   9.0395046E-07  -2.1265268E-05   3.5282783E-03   4.3638779E-03   5.1599350E-03   3.3911296E-03  -1.9631417E-03  -8.8308402E-03  -1.2928683E-02  -9.1740253E-03   4.0386211E-03   2.0900785E-02   2.9465094E-02   2.3360057E-02   7.3287866E-03  -9.2288780E-03  -1.9967715E-02  -2.3704429E-02  -2.2912231E-02  -1.9772964E-02  -1.6571013E-02  -1.5187657E-02
  4.1687436E-02   1.4413219E-03   8.7103978E-07  -2.1730426E-05  -3.2259132E-04   1.3397495E-03   4.5102482E-03   6.1035784E-03   3.7511939E-03  -2.3861993E-03  -9.9200075E-03  -1.3634450E-02  -8.3313733E-03   6.3322273E-03   2.3360057E-02   3.1929075E-02   2.5380662E-02   8.0715451E-03  -1.0986835E-02  -2.5136439E-02  -3.2441029E-02  -3.4208138E-02  -3.3661934E-02  -3.3131420E-02
  4.3384597E-02   1.4278160E-03   8.9373343E-07  -2.1191263E-05  -2.2261665E-03  -6.8477451E-04   2.9267389E-03   6.2195366E-03   6.6436348E-03   3.1182100E-03  -4.0675237E-03  -1.1843931E-02  -1.4667279E-02  -8.2252098E-03   7.3287866E-03   2.5380662E-02   3.4866889E-02   2.8447273E-02   8.9033426E-03  -1.4272155E-02  -3.2936306E-02  -4.4456119E-02  -5.0262208E-02  -5.1953240E-02
  2.4656334E-02   8.3040715E-04   6.0274486E-07  -1.9585683E-05  -2.0261380E-03  -1.3418854E-03   1.1716165E-03   4.4704901E-03   6.5080240E-03   5.6453243E-03   9.8648852E-04  -7.1625854E-03  -1.4955655E-02  -1.6968191E-02  -9.2288780E-03   8.0715451E-03   2.8447273E-02   3.9631922E-02   3.1916403E-02   8.6179170E-03  -1.8589702E-02  -4.1024594E-02  -5.5182180E-02  -6.0131667E-02
 -1.7231946E-02  -4.7336206E-04  -4.3624889E-08  -1.4228725E-05  -6.3683080E-04  -1.0370138E-03  -4.3516864E-04   1.5630725E-03   3.7650245E-03   4.6579201E-03   3.2241229E-03  -2.3603406E-03  -1.1020414E-02  -1.8530673E-02  -1.9967715E-02  -1.0986835E-02   8.9033426E-03   3.1916403E-02   4.3738007E-02   3.4949270E-02   1.1337237E-02  -1.5175475E-02  -3.4923812E-02  -4.2678109E-02
 -7.4008755E-02  -2.2964705E-03  -7.9793098E-07  -6.0182625E-06   1.5832785E-04  -8.7933068E-04  -1.8468270E-03  -1.4575860E-03  -8.4801200E-05   1.5189081E-03   2.7713536E-03   9.8835928E-04  -5.5371587E-03  -1.5196088E-02  -2.3704429E-02  -2.5136439E-02  -1.4272155E-02   8.6179170E-03   3.4949270E-02   5.0519329E-02   4.8022505E-02   3.2561148E-02   1.6404471E-02   8.9747415E-03
 -1.3349817E-01  -4.2819450E-03  -4.9705150E-07   3.2151886E-06  -5.4800068E-04  -1.6560929E-03  -3.2473617E-03  -3.9111417E-03  -3.3581118E-03  -1.6151900E-03   9.8851107E-04   2.2483107E-03  -1.2906662E-03  -1.0773770E-02  -2.2912231E-02  -3.2441029E-02  -3.2936306E-02  -1.8589702E-02   1.1337237E-02   4.8022505E-02   7.7700738E-02   9.0937123E-02   9.1895703E-02   8.9951936E-02
 -1.8215128E-01  -5.9604869E-03   1.0515190E-06   1.0104262E-05  -2.0287439E-03  -2.8501871E-03  -4.4419150E-03  -5.7115914E-03  -5.6708859E-03  -4.0547718E-03  -1.1355023E-03   2.0222938E-03   1.1462893E-03  -6.8440972E-03  -1.9772964E-02  -3.4208138E-02  -4.4456119E-02  -4.1024594E-02  -1.5175475E-02   3.2561148E-02   9.0937123E-02   1.4213931E-01   1.7307758E-01   1.8260102E-01
 -2.1129613E-01  -7.0039224E-03   2.5293660E-06   1.5325228E-05  -3.1471583E-03  -3.6295030E-03  -5.0963638E-03  -6.9812077E-03  -7.3963656E-03  -5.9056235E-03  -2.8504984E-03   1.5410623E-03   2.4897969E-03  -3.9315765E-03  -1.6571013E-02  -3.3661934E-02  -5.0262208E-02  -5.5182180E-02  -3.4923812E-02   1.6404471E-02   9.1895703E-02   1.7307758E-01   2.3495499E-01   2.5917115E-01
 -2.1956829E-01  -7.3382541E-03   3.4285004E-06   1.6265780E-05  -3.8144596E-03  -4.0292733E-03  -5.3142268E-03  -7.4580123E-03  -8.0415016E-03  -6.5283420E-03  -3.3759275E-03   1.4699225E-03   2.9668999E-03  -2.8403009E-03  -1.5187657E-02  -3.3131420E-02  -5.1953240E-02  -6.0131667E-02  -4.2678109E-02   8.9747415E-03   8.9951936E-02   1.8260102E-01   2.5917115E-01   2.9283381E-01
