# H0 MB omegabh2 omegach2 DDE_w0 DDE_w1 DDE_w2 DDE_w3 DDE_w4 DDE_w5 DDE_w6 DDE_w7 DDE_w8 DDE_w9 DDE_w10 DDE_w11 DDE_w12 DDE_w13 DDE_w14 DDE_w15 DDE_w16 DDE_w17 DDE_w18 DDE_w19
  6.2093173E-01   1.0362239E-02   1.2097006E-05  -5.5748803E-05  -9.3555831E-02  -7.6325194E-02  -3.8139751E-02   2.4941464E-03   2.8225388E-02   3.3261740E-02   2.4900580E-02   1.2598736E-02   6.7999545E-03   1.4072584E-02   2.9702523E-02   4.3478362E-02   4.5076069E-02   2.5162599E-02  -1.8546288E-02  -7.5952041E-02  -1.3546893E-01  -1.8495046E-01  -2.1483998E-01  -2.2348246E-01
  1.0362239E-02   3.4106035E-04   3.6387981E-07  -2.1220702E-06   2.9965211E-04   2.4065669E-04   1.6811857E-04   1.4296329E-04   1.5112985E-04   2.0088899E-04   2.7584915E-04   3.6038700E-04   5.1406397E-04   7.9971075E-04   1.1619222E-03   1.4641972E-03   1.4115471E-03   6.9851667E-04  -7.0498444E-04  -2.5079278E-03  -4.4018600E-03  -5.9978414E-03  -6.9560626E-03  -7.2393619E-03
  1.2097006E-05   3.6387981E-07   1.6022214E-08  -4.5501951E-08   8.6262967E-08  -9.8071487E-08  -1.2391066E-07   1.6842051E-07   4.7587302E-07   7.5926008E-07   9.1415659E-07   1.0396339E-06   9.1756993E-07   8.8630428E-07   1.0765681E-06   1.2592504E-06   1.1733027E-06   1.0119191E-06   6.1550183E-07   1.0697218E-07  -5.1340091E-08   5.3226856E-07   1.2128969E-06   1.7050170E-06
 -5.5748803E-05  -2.1220702E-06  -4.5501951E-08   8.1822142E-07  -1.8591796E-06  -5.2096439E-06  -9.4315010E-06  -1.1128956E-05  -7.0834671E-06  -2.2878875E-06  -2.1378201E-06  -5.2358935E-06  -9.6964935E-06  -1.4252879E-05  -1.7103799E-05  -1.6079322E-05  -1.4065272E-05  -1.3556381E-05  -1.1440164E-05  -8.9971225E-06  -6.8836454E-06  -6.1780434E-06  -5.7674865E-06  -6.5228017E-06
 -9.3555831E-02   2.9965211E-04   8.6262967E-08  -1.8591796E-06   5.1676867E-02   3.6801362E-02   9.9856317E-03  -1.1785668E-02  -1.9476365E-02  -1.3726954E-02  -2.3940428E-03   7.0245278E-03   1.0559812E-02   8.4504884E-03   3.6240216E-03  -3.6693641E-04  -2.5736671E-03  -3.5192458E-03  -3.0634002E-03  -2.2525575E-03  -2.4546206E-03  -3.3475646E-03  -3.8905831E-03  -4.1170258E-03
 -7.6325194E-02   2.4065669E-04  -9.8071487E-08  -5.2096439E-06   3.6801362E-02   2.9146902E-02   1.1740013E-02  -5.8373791E-03  -1.4765092E-02  -1.2778087E-02  -4.6801589E-03   3.4800956E-03   7.8211233E-03   7.4713464E-03   4.2715271E-03   1.0873585E-03  -1.2362360E-03  -2.6754235E-03  -2.8333080E-03  -2.3849601E-03  -2.4700273E-03  -2.8643622E-03  -2.8444059E-03  -2.7405368E-03
 -3.8139751E-02   1.6811857E-04  -1.2391066E-07  -9.4315010E-06   9.9856317E-03   1.1740013E-02   1.1749353E-02   5.8665981E-03  -2.8769548E-03  -8.3764640E-03  -8.3465119E-03  -4.2415481E-03   9.0890036E-04   4.0947180E-03   4.7324728E-03   3.8831470E-03   2.1881595E-03   2.9547677E-04  -1.2072223E-03  -2.1712466E-03  -2.8909551E-03  -3.2297988E-03  -2.9190631E-03  -2.5935260E-03
  2.4941464E-03   1.4296329E-04   1.6842051E-07  -1.1128956E-05  -1.1785668E-02  -5.8373791E-03   5.8665981E-03   1.3785689E-02   1.1069996E-02   1.0702559E-03  -7.9992238E-03  -1.0934483E-02  -7.7610808E-03  -2.1372878E-03   2.8621544E-03   5.5810016E-03   5.8106989E-03   4.2800822E-03   1.5493105E-03  -1.2679930E-03  -3.2914331E-03  -4.3830094E-03  -4.6809273E-03  -4.6756978E-03
  2.8225388E-02   1.5112985E-04   4.7587302E-07  -7.0834671E-06  -1.9476365E-02  -1.4765092E-02  -2.8769548E-03   1.1069996E-02   1.7886741E-02   1.2115254E-02  -6.2433138E-04  -1.0696093E-02  -1.3202961E-02  -9.1262396E-03  -2.1422479E-03   3.7403779E-03   6.7936407E-03   6.9154817E-03   4.2385396E-03   2.9799391E-04  -2.9418589E-03  -5.0070131E-03  -6.1969653E-03  -6.5968153E-03
  3.3261740E-02   2.0088899E-04   7.5926008E-07  -2.2878875E-06  -1.3726954E-02  -1.2778087E-02  -8.3764640E-03   1.0702559E-03   1.2115254E-02   1.6648306E-02   1.0522592E-02  -1.2621428E-03  -1.0525479E-02  -1.2654238E-02  -8.3415089E-03  -1.7599027E-03   3.7957907E-03   6.3446478E-03   5.2337656E-03   1.7921094E-03  -1.7529346E-03  -4.5836271E-03  -6.7730640E-03  -7.6155306E-03
  2.4900580E-02   2.7584915E-04   9.1415659E-07  -2.1378201E-06  -2.3940428E-03  -4.6801589E-03  -8.3465119E-03  -7.9992238E-03  -6.2433138E-04   1.0522592E-02   1.7004647E-02   1.2476418E-02   8.1057150E-04  -8.9225928E-03  -1.1835352E-02  -8.9080022E-03  -3.2766240E-03   1.5093958E-03   3.4813600E-03   2.6330602E-03   1.8543169E-04  -2.8579416E-03  -5.8200365E-03  -7.1203542E-03
  1.2598736E-02   3.6038700E-04   1.0396339E-06  -5.2358935E-06   7.0245278E-03   3.4800956E-03  -4.2415481E-03  -1.0934483E-02  -1.0696093E-02  -1.2621428E-03   1.2476418E-02   2.0147652E-02   1.5314084E-02   2.9984325E-03  -7.9328529E-03  -1.2622013E-02  -1.1297724E-02  -7.0804050E-03  -2.6059286E-03   3.5318265E-04   8.9108239E-04  -3.6754287E-04  -2.2212029E-03  -3.1346293E-03
  6.7999545E-03   5.1406397E-04   9.1756993E-07  -9.6964935E-06   1.0559812E-02   7.8211233E-03   9.0890036E-04  -7.7610808E-03  -1.3202961E-02  -1.0525479E-02   8.1057150E-04   1.5314084E-02   2.2962645E-02   1.7919985E-02   4.6435433E-03  -7.7962657E-03  -1.4500636E-02  -1.5239737E-02  -1.1617968E-02  -6.4089331E-03  -2.5822126E-03  -6.3946463E-04   1.6290963E-04   3.5419125E-04
  1.4072584E-02   7.9971075E-04   8.8630428E-07  -1.4252879E-05   8.4504884E-03   7.4713464E-03   4.0947180E-03  -2.1372878E-03  -9.1262396E-03  -1.2654238E-02  -8.9225928E-03   2.9984325E-03   1.7919985E-02   2.5738118E-02   2.0046063E-02   5.9120081E-03  -8.3929012E-03  -1.7271340E-02  -1.9022058E-02  -1.5681238E-02  -1.1116604E-02  -7.0886739E-03  -3.9283740E-03  -2.5997254E-03
  2.9702523E-02   1.1619222E-03   1.0765681E-06  -1.7103799E-05   3.6240216E-03   4.2715271E-03   4.7324728E-03   2.8621544E-03  -2.1422479E-03  -8.3415089E-03  -1.1835352E-02  -7.9328529E-03   4.6435433E-03   2.0046063E-02   2.7811788E-02   2.2194732E-02   6.7443753E-03  -9.5812263E-03  -2.0185932E-02  -2.3658517E-02  -2.2501413E-02  -1.9156028E-02  -1.5400407E-02  -1.3598705E-02
  4.3478362E-02   1.4641972E-03   1.2592504E-06  -1.6079322E-05  -3.6693641E-04   1.0873585E-03   3.8831470E-03   5.5810016E-03   3.7403779E-03  -1.7599027E-03  -8.9080022E-03  -1.2622013E-02  -7.7962657E-03   5.9120081E-03   2.2194732E-02   3.0631168E-02   2.4293533E-02   7.2921097E-03  -1.1339826E-02  -2.5054520E-02  -3.2079683E-02  -3.3762116E-02  -3.2636213E-02  -3.1650201E-02
  4.5076069E-02   1.4115471E-03   1.1733027E-06  -1.4065272E-05  -2.5736671E-03  -1.2362360E-03   2.1881595E-03   5.8106989E-03   6.7936407E-03   3.7957907E-03  -3.2766240E-03  -1.1297724E-02  -1.4500636E-02  -8.3929012E-03   6.7443753E-03   2.4293533E-02   3.3578329E-02   2.7171024E-02   7.9291283E-03  -1.4581180E-02  -3.2464701E-02  -4.3346941E-02  -4.8241860E-02  -4.9313138E-02
  2.5162599E-02   6.9851667E-04   1.0119191E-06  -1.3556381E-05  -3.5192458E-03  -2.6754235E-03   2.9547677E-04   4.2800822E-03   6.9154817E-03   6.3446478E-03   1.5093958E-03  -7.0804050E-03  -1.5239737E-02  -1.7271340E-02  -9.5812263E-03   7.2921097E-03   2.7171024E-02   3.7831638E-02   3.0097825E-02   7.9725149E-03  -1.7208578E-02  -3.7532823E-02  -4.9772903E-02  -5.3655058E-02
 -1.8546288E-02  -7.0498444E-04   6.1550183E-07  -1.1440164E-05  -3.0634002E-03  -2.8333080E-03  -1.2072223E-03   1.5493105E-03   4.2385396E-03   5.2337656E-03   3.4813600E-03  -2.6059286E-03  -1.1617968E-02  -1.9022058E-02  -2.0185932E-02  -1.1339826E-02   7.9291283E-03   3.0097825E-02   4.1550077E-02   3.4021086E-02   1.3309640E-02  -9.7532945E-03  -2.6645608E-02  -3.2938781E-02
 -7.5952041E-02  -2.5079278E-03   1.0697218E-07  -8.9971225E-06  -2.2525575E-03  -2.3849601E-03  -2.1712466E-03  -1.2679930E-03   2.9799391E-04   1.7921094E-03   2.6330602E-03   3.5318265E-04  -6.4089331E-03  -1.5681238E-02  -2.3658517E-02  -2.5054520E-02  -1.4581180E-02   7.9725149E-03   3.4021086E-02   5.0068169E-02   4.9601968E-02   3.7125136E-02   2.3242941E-02   1.6868848E-02
 -1.3546893E-01  -4.4018600E-03  -5.1340091E-08  -6.8836454E-06  -2.4546206E-03  -2.4700273E-03  -2.8909551E-03  -3.2914331E-03  -2.9418589E-03  -1.7529346E-03   1.8543169E-04   8.9108239E-04  -2.5822126E-03  -1.1116604E-02  -2.2501413E-02  -3.2079683E-02  -3.2464701E-02  -1.7208578E-02   1.3309640E-02   4.9601968E-02   7.8853554E-02   9.2284350E-02   9.2892662E-02   9.0513717E-02
 -1.8495046E-01  -5.9978414E-03   5.3226856E-07  -6.1780434E-06  -3.3475646E-03  -2.8643622E-03  -3.2297988E-03  -4.3830094E-03  -5.0070131E-03  -4.5836271E-03  -2.8579416E-03  -3.6754287E-04  -6.3946463E-04  -7.0886739E-03  -1.9156028E-02  -3.3762116E-02  -4.3346941E-02  -3.7532823E-02  -9.7532945E-03   3.7125136E-02   9.2284350E-02   1.3976735E-01   1.6675784E-01   1.7396988E-01
 -2.1483998E-01  -6.9560626E-03   1.2128969E-06  -5.7674865E-06  -3.8905831E-03  -2.8444059E-03  -2.9190631E-03  -4.6809273E-03  -6.1969653E-03  -6.7730640E-03  -5.8200365E-03  -2.2212029E-03   1.6290963E-04  -3.9283740E-03  -1.5400407E-02  -3.2636213E-02  -4.8241860E-02  -4.9772903E-02  -2.6645608E-02   2.3242941E-02   9.2892662E-02   1.6675784E-01   2.2171368E-01   2.4224840E-01
 -2.2348246E-01  -7.2393619E-03   1.7050170E-06  -6.5228017E-06  -4.1170258E-03  -2.7405368E-03  -2.5935260E-03  -4.6756978E-03  -6.5968153E-03  -7.6155306E-03  -7.1203542E-03  -3.1346293E-03   3.5419125E-04  -2.5997254E-03  -1.3598705E-02  -3.1650201E-02  -4.9313138E-02  -5.3655058E-02  -3.2938781E-02   1.6868848E-02   9.0513717E-02   1.7396988E-01   2.4224840E-01   2.7161493E-01
