  1.0000000E+00   6.9453340E-01  -3.5422479E-02  -1.5308081E-01  -4.8762906E-01  -5.7674358E-01  -4.6967236E-01  -5.1984202E-02   1.8907024E-01   2.0208743E-01   2.2103407E-01   6.6138552E-02   4.9291131E-02   1.2589551E-01   2.0508297E-01   1.9037302E-01   1.1029849E-01  -3.2808965E-02  -1.5264332E-01  -2.5776172E-01  -4.3374805E-01  -5.1161463E-01  -3.7876395E-01  -3.2870466E-01  -3.7897694E-02
  6.9453340E-01   1.0000000E+00  -1.5795350E-01  -3.5896817E-01   9.9469251E-02   7.3140471E-02  -3.8920110E-02  -1.7538527E-02   9.0809760E-02   1.3106139E-01   1.3816648E-01   1.2585083E-02   8.6117251E-02   2.8397620E-01   4.0239252E-01   3.2800073E-01   1.6126630E-01  -7.2188710E-02  -2.2414864E-01  -3.3682805E-01  -5.7787919E-01  -7.3258140E-01  -5.6820317E-01  -4.9883668E-01  -1.6216910E-01
 -3.5422479E-02  -1.5795350E-01   1.0000000E+00   6.8570991E-01  -2.7449198E-01  -1.4022741E-01   3.2780249E-01   2.1501819E-01  -4.3794406E-01  -6.1903991E-01  -2.7429859E-01   5.1423935E-01   5.0408503E-01   2.5444706E-01  -3.0927292E-01  -3.6629918E-01  -1.5105878E-01   1.3451754E-02  -1.8294575E-01  -3.9025507E-01  -3.3315731E-01   2.1912573E-01   4.1822310E-01   4.1641634E-01   9.9977882E-01
 -1.5308081E-01  -3.5896817E-01   6.8570991E-01   1.0000000E+00  -3.0309829E-01  -1.9033562E-01   2.3936104E-01   1.3976188E-01  -4.3822518E-01  -5.7908407E-01  -2.5023389E-01   4.7275325E-01   4.3706565E-01   1.4906345E-01  -3.8718290E-01  -4.2387753E-01  -2.3028905E-01  -6.7734293E-02  -2.2660599E-01  -3.8952791E-01  -3.0154606E-01   2.4855894E-01   4.3807592E-01   4.3286398E-01   6.8962045E-01
 -4.8762906E-01   9.9469251E-02  -2.7449198E-01  -3.0309829E-01   1.0000000E+00   9.2814492E-01   1.8883882E-01  -4.6671238E-01  -3.6137775E-01  -8.3609609E-02   2.7943663E-02  -1.0296244E-02   4.5308683E-02   1.3200549E-01   1.5351952E-01   6.9147297E-02  -3.7694994E-02  -7.7302577E-02  -3.1045933E-03   8.1035201E-02   9.2513116E-02  -3.5419826E-02  -8.7024421E-02  -8.1804646E-02  -2.7703750E-01
 -5.7674358E-01   7.3140471E-02  -1.4022741E-01  -1.9033562E-01   9.2814492E-01   1.0000000E+00   4.9076736E-01  -2.8647835E-01  -4.4625136E-01  -2.5936248E-01  -1.4207502E-01   1.2560505E-02   1.0939845E-01   1.9392661E-01   1.5610405E-01   6.5395849E-02  -2.4684021E-02  -7.4516215E-02  -4.5816103E-02   5.4783322E-03   2.1539305E-02  -1.8640999E-02  -3.2417361E-02  -2.7117356E-02  -1.4158364E-01
 -4.6967236E-01  -3.8920110E-02   3.2780249E-01   2.3936104E-01   1.8883882E-01   4.9076736E-01   1.0000000E+00   5.6046299E-01  -3.0111223E-01  -6.0701732E-01  -6.2763612E-01   2.8814381E-02   2.2601292E-01   2.7956316E-01   7.4065410E-02   2.7408924E-03   2.7218950E-02  -1.4631548E-03  -1.3893461E-01  -2.3027433E-01  -2.1000015E-01   4.1677268E-02   1.5055032E-01   1.5518480E-01   3.2877591E-01
 -5.1984202E-02  -1.7538527E-02   2.1501819E-01   1.3976188E-01  -4.6671238E-01  -2.8647835E-01   5.6046299E-01   1.0000000E+00   4.3924758E-01  -1.5426529E-01  -5.7111892E-01  -2.8727949E-01  -1.1260317E-01   8.6892399E-03   6.9603291E-02   1.1235476E-01   1.6630691E-01   1.3102853E-01   1.6411492E-03  -9.9407207E-02  -1.3257463E-01  -3.1857425E-02   2.2917685E-02   2.1633348E-02   2.1624654E-01
  1.8907024E-01   9.0809760E-02  -4.3794406E-01  -4.3822518E-01  -3.6137775E-01  -4.4625136E-01  -3.0111223E-01   4.3924758E-01   1.0000000E+00   7.8171558E-01   1.0695592E-01  -7.0883030E-01  -7.2354487E-01  -4.8514256E-01   1.7174925E-01   3.7183388E-01   3.2697246E-01   2.4278236E-01   3.4464294E-01   4.0813507E-01   2.7855693E-01  -2.0760838E-01  -3.9145464E-01  -4.0990427E-01  -4.3548544E-01
  2.0208743E-01   1.3106139E-01  -6.1903991E-01  -5.7908407E-01  -8.3609609E-02  -2.5936248E-01  -6.0701732E-01  -1.5426529E-01   7.8171558E-01   1.0000000E+00   6.0583025E-01  -5.6751256E-01  -7.6123152E-01  -6.2509196E-01   8.7421996E-02   3.2201805E-01   2.6201277E-01   2.0213617E-01   4.0658305E-01   5.4099347E-01   4.0332149E-01  -2.2673150E-01  -4.7200438E-01  -4.9266643E-01  -6.1640994E-01
  2.2103407E-01   1.3816648E-01  -2.7429859E-01  -2.5023389E-01   2.7943663E-02  -1.4207502E-01  -6.2763612E-01  -5.7111892E-01   1.0695592E-01   6.0583025E-01   1.0000000E+00   2.4839545E-01  -1.4895519E-01  -4.4526595E-01  -3.5275258E-01  -2.1036667E-01  -1.3614666E-01  -2.4345713E-02   1.2985329E-01   2.1632117E-01   1.8425672E-01  -4.9861200E-02  -1.4032574E-01  -1.4047965E-01  -2.7532736E-01
  6.6138552E-02   1.2585083E-02   5.1423935E-01   4.7275325E-01  -1.0296244E-02   1.2560505E-02   2.8814381E-02  -2.8727949E-01  -7.0883030E-01  -5.6751256E-01   2.4839545E-01   1.0000000E+00   8.7219735E-01   3.7411700E-01  -5.2175307E-01  -7.1199630E-01  -5.5775334E-01  -3.3594510E-01  -4.3011454E-01  -5.0567537E-01  -3.4477323E-01   2.5235782E-01   4.8396867E-01   5.1283883E-01   5.0865297E-01
  4.9291131E-02   8.6117251E-02   5.0408503E-01   4.3706565E-01   4.5308683E-02   1.0939845E-01   2.2601292E-01  -1.1260317E-01  -7.2354487E-01  -7.6123152E-01  -1.4895519E-01   8.7219735E-01   1.0000000E+00   7.4053979E-01  -2.1589539E-01  -5.8528171E-01  -5.9629629E-01  -4.8617447E-01  -6.0306455E-01  -6.4669372E-01  -4.4581715E-01   2.2299139E-01   4.9361683E-01   5.3172473E-01   4.9732186E-01
  1.2589551E-01   2.8397620E-01   2.5444706E-01   1.4906345E-01   1.3200549E-01   1.9392661E-01   2.7956316E-01   8.6892399E-03  -4.8514256E-01  -6.2509196E-01  -4.4526595E-01   3.7411700E-01   7.4053979E-01   1.0000000E+00   4.5637899E-01  -5.8539467E-02  -4.1342209E-01  -5.9250287E-01  -6.7561275E-01  -6.2495881E-01  -4.6501588E-01  -1.1352649E-02   2.0952105E-01   2.4959563E-01   2.4935427E-01
  2.0508297E-01   4.0239252E-01  -3.0927292E-01  -3.8718290E-01   1.5351952E-01   1.5610405E-01   7.4065410E-02   6.9603291E-02   1.7174925E-01   8.7421996E-02  -3.5275258E-01  -5.2175307E-01  -2.1589539E-01   4.5637899E-01   1.0000000E+00   8.0373653E-01   2.8059946E-01  -2.2679413E-01  -2.6854665E-01  -1.6290805E-01  -2.1133663E-01  -4.0304136E-01  -3.9503071E-01  -3.7499647E-01  -3.0824191E-01
  1.9037302E-01   3.2800073E-01  -3.6629918E-01  -4.2387753E-01   6.9147297E-02   6.5395849E-02   2.7408924E-03   1.1235476E-01   3.7183388E-01   3.2201805E-01  -2.1036667E-01  -7.1199630E-01  -5.8528171E-01  -5.8539467E-02   8.0373653E-01   1.0000000E+00   7.4971687E-01   2.3392974E-01   5.4701853E-02   1.4607889E-02  -1.7648880E-01  -5.3699853E-01  -5.6564809E-01  -5.4946764E-01  -3.6300952E-01
  1.1029849E-01   1.6126630E-01  -1.5105878E-01  -2.3028905E-01  -3.7694994E-02  -2.4684021E-02   2.7218950E-02   1.6630691E-01   3.2697246E-01   2.6201277E-01  -1.3614666E-01  -5.5775334E-01  -5.9629629E-01  -4.1342209E-01   2.8059946E-01   7.4971687E-01   1.0000000E+00   7.6827264E-01   4.2370351E-01   1.2072859E-01  -2.2542908E-01  -5.7192807E-01  -5.5844080E-01  -5.3828933E-01  -1.4799628E-01
 -3.2808965E-02  -7.2188710E-02   1.3451754E-02  -6.7734293E-02  -7.7302577E-02  -7.4516215E-02  -1.4631548E-03   1.3102853E-01   2.4278236E-01   2.0213617E-01  -2.4345713E-02  -3.3594510E-01  -4.8617447E-01  -5.9250287E-01  -2.2679413E-01   2.3392974E-01   7.6827264E-01   1.0000000E+00   8.0482958E-01   4.1205524E-01  -2.2832212E-02  -4.4064540E-01  -4.7875515E-01  -4.7471761E-01   1.6125262E-02
 -1.5264332E-01  -2.2414864E-01  -1.8294575E-01  -2.2660599E-01  -3.1045933E-03  -4.5816103E-02  -1.3893461E-01   1.6411492E-03   3.4464294E-01   4.0658305E-01   1.2985329E-01  -4.3011454E-01  -6.0306455E-01  -6.7561275E-01  -2.6854665E-01   5.4701853E-02   4.2370351E-01   8.0482958E-01   1.0000000E+00   8.4459206E-01   4.4875920E-01  -2.6485791E-01  -5.0890403E-01  -5.4500218E-01  -1.7866068E-01
 -2.5776172E-01  -3.3682805E-01  -3.9025507E-01  -3.8952791E-01   8.1035201E-02   5.4783322E-03  -2.3027433E-01  -9.9407207E-02   4.0813507E-01   5.4099347E-01   2.1632117E-01  -5.0567537E-01  -6.4669372E-01  -6.2495881E-01  -1.6290805E-01   1.4607889E-02   1.2072859E-01   4.1205524E-01   8.4459206E-01   1.0000000E+00   8.1717595E-01   1.6795262E-02  -3.8541659E-01  -4.5637275E-01  -3.8546078E-01
 -4.3374805E-01  -5.7787919E-01  -3.3315731E-01  -3.0154606E-01   9.2513116E-02   2.1539305E-02  -2.1000015E-01  -1.3257463E-01   2.7855693E-01   4.0332149E-01   1.8425672E-01  -3.4477323E-01  -4.4581715E-01  -4.6501588E-01  -2.1133663E-01  -1.7648880E-01  -2.2542908E-01  -2.2832212E-02   4.4875920E-01   8.1717595E-01   1.0000000E+00   5.2930939E-01   8.8916784E-02  -1.1077629E-02  -3.2967502E-01
 -5.1161463E-01  -7.3258140E-01   2.1912573E-01   2.4855894E-01  -3.5419826E-02  -1.8640999E-02   4.1677268E-02  -3.1857425E-02  -2.0760838E-01  -2.2673150E-01  -4.9861200E-02   2.5235782E-01   2.2299139E-01  -1.1352649E-02  -4.0304136E-01  -5.3699853E-01  -5.7192807E-01  -4.4064540E-01  -2.6485791E-01   1.6795262E-02   5.2930939E-01   1.0000000E+00   8.7992750E-01   8.1144526E-01   2.1864368E-01
 -3.7876395E-01  -5.6820317E-01   4.1822310E-01   4.3807592E-01  -8.7024421E-02  -3.2417361E-02   1.5055032E-01   2.2917685E-02  -3.9145464E-01  -4.7200438E-01  -1.4032574E-01   4.8396867E-01   4.9361683E-01   2.0952105E-01  -3.9503071E-01  -5.6564809E-01  -5.5844080E-01  -4.7875515E-01  -5.0890403E-01  -3.8541659E-01   8.8916784E-02   8.7992750E-01   1.0000000E+00   9.8785600E-01   4.1543161E-01
 -3.2870466E-01  -4.9883668E-01   4.1641634E-01   4.3286398E-01  -8.1804646E-02  -2.7117356E-02   1.5518480E-01   2.1633348E-02  -4.0990427E-01  -4.9266643E-01  -1.4047965E-01   5.1283883E-01   5.3172473E-01   2.4959563E-01  -3.7499647E-01  -5.4946764E-01  -5.3828933E-01  -4.7471761E-01  -5.4500218E-01  -4.5637275E-01  -1.1077629E-02   8.1144526E-01   9.8785600E-01   1.0000000E+00   4.1275615E-01
 -3.7897694E-02  -1.6216910E-01   9.9977882E-01   6.8962045E-01  -2.7703750E-01  -1.4158364E-01   3.2877591E-01   2.1624654E-01  -4.3548544E-01  -6.1640994E-01  -2.7532736E-01   5.0865297E-01   4.9732186E-01   2.4935427E-01  -3.0824191E-01  -3.6300952E-01  -1.4799628E-01   1.6125262E-02  -1.7866068E-01  -3.8546078E-01  -3.2967502E-01   2.1864368E-01   4.1543161E-01   4.1275615E-01   1.0000000E+00
