# H0 MB omegabh2 omegach2 DDE_w0 DDE_w1 DDE_w2 DDE_w3 DDE_w4 DDE_w5 DDE_w6 DDE_w7 DDE_w8 DDE_w9 DDE_w10 DDE_w11 DDE_w12 DDE_w13 DDE_w14 DDE_w15 DDE_w16 DDE_w17 DDE_w18 DDE_w19
  5.3167193E-01   7.9668432E-03  -7.5581736E-06  -1.9735217E-04  -7.8660210E-02  -6.6161393E-02  -3.8057538E-02  -4.3622539E-03   1.9684829E-02   2.7057353E-02   2.1165163E-02   9.8054611E-03   8.4946119E-03   1.6197713E-02   2.7722235E-02   2.7832123E-02   1.4901755E-02  -4.8499209E-03  -2.7122457E-02  -5.2415377E-02  -8.0747315E-02  -1.1210007E-01  -1.3329060E-01  -1.3803898E-01
  7.9668432E-03   2.4748138E-04  -7.2713753E-07  -9.9845040E-06   3.4618143E-04   1.8102103E-04  -6.8040758E-05  -3.1752804E-05   2.0398133E-04   3.7859092E-04   2.8543977E-04   4.0254908E-05   3.2019483E-04   7.8826962E-04   1.1735401E-03   1.0345825E-03   4.7006821E-04  -2.3022941E-04  -8.5928405E-04  -1.4777397E-03  -2.3210100E-03  -3.4631255E-03  -4.3140378E-03  -4.5196382E-03
 -7.5581736E-06  -7.2713753E-07   8.5631214E-08   3.5477725E-07  -1.7770079E-05  -6.4557839E-06   1.0659875E-05   7.2411732E-06  -1.8298745E-05  -3.3262804E-05  -1.0540960E-05   3.0596576E-05   3.4863641E-05   1.3138176E-05  -1.6777788E-05  -2.1491714E-05  -8.1904550E-06   7.9802268E-07  -1.3045711E-05  -3.1848063E-05  -2.4890527E-05   1.9268615E-05   5.9065391E-05   7.0180723E-05
 -1.9735217E-04  -9.9845040E-06   3.5477725E-07   3.1260691E-06  -1.1855679E-04  -5.2944318E-05   4.7030172E-05   2.8438436E-05  -1.1063263E-04  -1.8800312E-04  -5.8101312E-05   1.6995161E-04   1.8264124E-04   4.6504184E-05  -1.2690894E-04  -1.5026531E-04  -7.5442933E-05  -2.4278852E-05  -9.7633766E-05  -1.9206856E-04  -1.3611990E-04   1.3205953E-04   3.7381583E-04   4.4078292E-04
 -7.8660210E-02   3.4618143E-04  -1.7770079E-05  -1.1855679E-04   4.8942630E-02   3.2304234E-02   4.6425731E-03  -1.1882578E-02  -1.1415414E-02  -3.3964404E-03   8.1183454E-04  -4.6314176E-04   2.3690705E-03   5.1529652E-03   6.2962797E-03   3.0671706E-03  -1.5451595E-03  -3.4670323E-03  -1.6737005E-04   4.9996060E-03   5.2253533E-03  -2.3546759E-03  -9.2916708E-03  -1.0423070E-02
 -6.6161393E-02   1.8102103E-04  -6.4557839E-06  -5.2944318E-05   3.2304234E-02   2.4751414E-02   8.5802412E-03  -5.1869196E-03  -1.0024580E-02  -7.4925787E-03  -2.9353390E-03   4.0178950E-04   4.0678418E-03   5.3834291E-03   4.5529297E-03   2.0628576E-03  -7.1955155E-04  -2.3766819E-03  -1.7564974E-03   2.4036254E-04   8.6516790E-04  -8.8127261E-04  -2.4614254E-03  -2.4570918E-03
 -3.8057538E-02  -6.8040758E-05   1.0659875E-05   4.7030172E-05   4.6425731E-03   8.5802412E-03   1.2349451E-02   7.1678424E-03  -4.7779195E-03  -1.2386513E-02  -9.1595108E-03   6.5106536E-04   5.9362200E-03   5.4818271E-03   1.5258647E-03   6.1070976E-05   5.6045555E-04  -3.2963578E-05  -3.7623885E-03  -7.1365410E-03  -5.9581593E-03   1.3917593E-03   8.0744792E-03   9.9322361E-03
 -4.3622539E-03  -3.1752804E-05   7.2411732E-06   2.8438436E-05  -1.1882578E-02  -5.1869196E-03   7.1678424E-03   1.3244494E-02   7.2179469E-03  -3.2599436E-03  -8.6314701E-03  -6.7222365E-03  -3.0628180E-03   1.7644975E-04   1.4849924E-03   2.5925565E-03   3.5462877E-03   3.0570589E-03   4.6025140E-05  -3.1904650E-03  -3.8953529E-03  -1.1017154E-03   1.2729093E-03   1.4338887E-03
  1.9684829E-02   2.0398133E-04  -1.8298745E-05  -1.1063263E-04  -1.1415414E-02  -1.0024580E-02  -4.7779195E-03   7.2179469E-03   2.0387934E-02   2.0495548E-02   2.0055429E-03  -2.0578815E-02  -2.4417713E-02  -1.2222993E-02   4.5463015E-03   1.0645220E-02   8.6505511E-03   7.0278747E-03   1.1991827E-02   1.6252080E-02   1.0154751E-02  -8.9078431E-03  -2.6975971E-02  -3.3708784E-02
  2.7057353E-02   3.7859092E-04  -3.3262804E-05  -1.8800312E-04  -3.3964404E-03  -7.4925787E-03  -1.2386513E-02  -3.2599436E-03   2.0495548E-02   3.3716952E-02   1.4608837E-02  -2.1188056E-02  -3.3036483E-02  -2.0253013E-02   2.9759227E-03   1.1855597E-02   8.9144100E-03   7.5246871E-03   1.8192936E-02   2.7703497E-02   1.8907940E-02  -1.2510570E-02  -4.1829166E-02  -5.2101611E-02
  2.1165163E-02   2.8543977E-04  -1.0540960E-05  -5.8101312E-05   8.1183454E-04  -2.9353390E-03  -9.1595108E-03  -8.6314701E-03   2.0055429E-03   1.4608837E-02   1.7245709E-02   6.6324753E-03  -4.6232678E-03  -1.0317669E-02  -8.5879104E-03  -5.5390658E-03  -3.3127869E-03  -6.4816160E-04   4.1554958E-03   7.9224219E-03   6.1777818E-03  -1.9676341E-03  -8.8937905E-03  -1.0624977E-02
  9.8054611E-03   4.0254908E-05   3.0596576E-05   1.6995161E-04  -4.6314176E-04   4.0178950E-04   6.5106536E-04  -6.7222365E-03  -2.0578815E-02  -2.1188056E-02   6.6324753E-03   4.1341188E-02   4.1914002E-02   1.3422101E-02  -1.9666780E-02  -2.9026072E-02  -2.1012593E-02  -1.3847777E-02  -2.1311056E-02  -2.8673565E-02  -1.7897555E-02   1.5418755E-02   4.7491703E-02   6.0054616E-02
  8.4946119E-03   3.2019483E-04   3.4863641E-05   1.8264124E-04   2.3690705E-03   4.0678418E-03   5.9362200E-03  -3.0628180E-03  -2.4417713E-02  -3.3036483E-02  -4.6232678E-03   4.1914002E-02   5.5860624E-02   3.0883241E-02  -9.4596058E-03  -2.7735558E-02  -2.6113254E-02  -2.3295139E-02  -3.4733301E-02  -4.2625546E-02  -2.6901615E-02   1.5837333E-02   5.6305636E-02   7.2379199E-02
  1.6197713E-02   7.8826962E-04   1.3138176E-05   4.6504184E-05   5.1529652E-03   5.3834291E-03   5.4818271E-03   1.7644975E-04  -1.2222993E-02  -2.0253013E-02  -1.0317669E-02   1.3422101E-02   3.0883241E-02   3.1134590E-02   1.4928769E-02  -2.0710444E-03  -1.3516407E-02  -2.1194945E-02  -2.9050177E-02  -3.0753277E-02  -2.0948747E-02  -6.0194921E-04   1.7842605E-02   2.5364866E-02
  2.7722235E-02   1.1735401E-03  -1.6777788E-05  -1.2690894E-04   6.2962797E-03   4.5529297E-03   1.5258647E-03   1.4849924E-03   4.5463015E-03   2.9759227E-03  -8.5879104E-03  -1.9666780E-02  -9.4596058E-03   1.4928769E-02   3.4367943E-02   2.9875112E-02   9.6385032E-03  -8.5237134E-03  -1.2131818E-02  -8.4224365E-03  -1.0002769E-02  -2.2452642E-02  -3.5344078E-02  -4.0038516E-02
  2.7832123E-02   1.0345825E-03  -2.1491714E-05  -1.5026531E-04   3.0671706E-03   2.0628576E-03   6.1070976E-05   2.5925565E-03   1.0645220E-02   1.1855597E-02  -5.5390658E-03  -2.9026072E-02  -2.7735558E-02  -2.0710444E-03   2.9875112E-02   4.0201118E-02   2.7852382E-02   9.5087791E-03   2.6727016E-03   8.1681733E-04  -9.0345165E-03  -3.2354391E-02  -5.4736170E-02  -6.3450524E-02
  1.4901755E-02   4.7006821E-04  -8.1904550E-06  -7.5442933E-05  -1.5451595E-03  -7.1955155E-04   5.6045555E-04   3.5462877E-03   8.6505511E-03   8.9144100E-03  -3.3127869E-03  -2.1012593E-02  -2.6113254E-02  -1.3516407E-02   9.6385032E-03   2.7852382E-02   3.4331437E-02   2.8859022E-02   1.9130989E-02   6.2384191E-03  -1.0664110E-02  -3.1844063E-02  -4.9938116E-02  -5.7442824E-02
 -4.8499209E-03  -2.3022941E-04   7.9802268E-07  -2.4278852E-05  -3.4670323E-03  -2.3766819E-03  -3.2963578E-05   3.0570589E-03   7.0278747E-03   7.5246871E-03  -6.4816160E-04  -1.3847777E-02  -2.3295139E-02  -2.1194945E-02  -8.5237134E-03   9.5087791E-03   2.8859022E-02   4.1099877E-02   3.9760658E-02   2.3296685E-02  -1.1817809E-03  -2.6844206E-02  -4.6842789E-02  -5.5428053E-02
 -2.7122457E-02  -8.5928405E-04  -1.3045711E-05  -9.7633766E-05  -1.6737005E-04  -1.7564974E-03  -3.7623885E-03   4.6025140E-05   1.1991827E-02   1.8192936E-02   4.1554958E-03  -2.1311056E-02  -3.4733301E-02  -2.9050177E-02  -1.2131818E-02   2.6727016E-03   1.9130989E-02   3.9760658E-02   5.9382535E-02   5.7397739E-02   2.7919744E-02  -1.9394715E-02  -5.9851395E-02  -7.6489466E-02
 -5.2415377E-02  -1.4777397E-03  -3.1848063E-05  -1.9206856E-04   4.9996060E-03   2.4036254E-04  -7.1365410E-03  -3.1904650E-03   1.6252080E-02   2.7703497E-02   7.9224219E-03  -2.8673565E-02  -4.2625546E-02  -3.0753277E-02  -8.4224365E-03   8.1681733E-04   6.2384191E-03   2.3296685E-02   5.7397739E-02   7.7774431E-02   5.8183882E-02   1.4074931E-03  -5.1874968E-02  -7.3301380E-02
 -8.0747315E-02  -2.3210100E-03  -2.4890527E-05  -1.3611990E-04   5.2253533E-03   8.6516790E-04  -5.9581593E-03  -3.8953529E-03   1.0154751E-02   1.8907940E-02   6.1777818E-03  -1.7897555E-02  -2.6901615E-02  -2.0948747E-02  -1.0002769E-02  -9.0345165E-03  -1.0664110E-02  -1.1817809E-03   2.7919744E-02   5.8183882E-02   6.5183457E-02   4.0608726E-02   1.0956238E-02  -1.6288817E-03
 -1.1210007E-01  -3.4631255E-03   1.9268615E-05   1.3205953E-04  -2.3546759E-03  -8.8127261E-04   1.3917593E-03  -1.1017154E-03  -8.9078431E-03  -1.2510570E-02  -1.9676341E-03   1.5418755E-02   1.5837333E-02  -6.0194921E-04  -2.2452642E-02  -3.2354391E-02  -3.1844063E-02  -2.6844206E-02  -1.9394715E-02   1.4074931E-03   4.0608726E-02   9.0298834E-02   1.2761361E-01   1.4043467E-01
 -1.3329060E-01  -4.3140378E-03   5.9065391E-05   3.7381583E-04  -9.2916708E-03  -2.4614254E-03   8.0744792E-03   1.2729093E-03  -2.6975971E-02  -4.1829166E-02  -8.8937905E-03   4.7491703E-02   5.6305636E-02   1.7842605E-02  -3.5344078E-02  -5.4736170E-02  -4.9938116E-02  -4.6842789E-02  -5.9851395E-02  -5.1874968E-02   1.0956238E-02   1.2761361E-01   2.3292604E-01   2.7458492E-01
 -1.3803898E-01  -4.5196382E-03   7.0180723E-05   4.4078292E-04  -1.0423070E-02  -2.4570918E-03   9.9322361E-03   1.4338887E-03  -3.3708784E-02  -5.2101611E-02  -1.0624977E-02   6.0054616E-02   7.2379199E-02   2.5364866E-02  -4.0038516E-02  -6.3450524E-02  -5.7442824E-02  -5.5428053E-02  -7.6489466E-02  -7.3301380E-02  -1.6288817E-03   1.4043467E-01   2.7458492E-01   3.3170197E-01
