  1.0000000E+00   7.1205916E-01   1.2128154E-01  -7.8212865E-02  -5.2227693E-01  -5.6734834E-01  -4.4652826E-01   2.6957883E-02   2.6782578E-01   3.2714329E-01   2.4232807E-01   1.1264005E-01   5.6947298E-02   1.1131752E-01   2.2602525E-01   3.1526043E-01   3.1217245E-01   1.6417461E-01  -1.1546468E-01  -4.3076129E-01  -6.1221946E-01  -6.2781347E-01  -5.7902450E-01  -5.4418266E-01   1.2145089E-01
  7.1205916E-01   1.0000000E+00   1.5566145E-01  -1.2703070E-01   7.1376234E-02   7.6328392E-02   8.3983328E-02   6.5931763E-02   6.1188391E-02   8.4305419E-02   1.1454397E-01   1.3748056E-01   1.8369214E-01   2.6991618E-01   3.7726538E-01   4.5300413E-01   4.1710963E-01   1.9446148E-01  -1.8727422E-01  -6.0690199E-01  -8.4880900E-01  -8.6871334E-01  -7.9992933E-01  -7.5215587E-01   1.5575798E-01
  1.2128154E-01   1.5566145E-01   1.0000000E+00  -3.9740501E-01   2.9978855E-03  -4.5382174E-03  -9.0310953E-03   1.1332337E-02   2.8110218E-02   4.6488365E-02   5.5382879E-02   5.7863798E-02   4.7837332E-02   4.3644869E-02   5.0999486E-02   5.6841961E-02   5.0584713E-02   4.1101432E-02   2.3855151E-02   3.7768414E-03  -1.4443909E-03   1.1247777E-02   2.0350093E-02   2.5845839E-02   9.9998205E-01
 -7.8212865E-02  -1.2703070E-01  -3.9740501E-01   1.0000000E+00  -9.0414448E-03  -3.3734666E-02  -9.6191880E-02  -1.0478637E-01  -5.8552420E-02  -1.9602624E-02  -1.8123911E-02  -4.0779619E-02  -7.0740533E-02  -9.8215215E-02  -1.1338163E-01  -1.0156651E-01  -8.4856123E-02  -7.7051443E-02  -6.2045586E-02  -4.4451596E-02  -2.7100196E-02  -1.8268911E-02  -1.3541131E-02  -1.3836363E-02  -3.9734311E-01
 -5.2227693E-01   7.1376234E-02   2.9978855E-03  -9.0414448E-03   1.0000000E+00   9.4824290E-01   4.0524762E-01  -4.4156219E-01  -6.4061073E-01  -4.6799484E-01  -8.0760690E-02   2.1769919E-01   3.0654704E-01   2.3171029E-01   9.5593470E-02  -9.2227608E-03  -6.1783819E-02  -7.9592828E-02  -6.6110392E-02  -4.4284010E-02  -3.8452594E-02  -3.9389277E-02  -3.6347150E-02  -3.4750310E-02   2.9217197E-03
 -5.6734834E-01   7.6328392E-02  -4.5382174E-03  -3.3734666E-02   9.4824290E-01   1.0000000E+00   6.3440324E-01  -2.9121079E-01  -6.4665755E-01  -5.8007560E-01  -2.1022317E-01   1.4360936E-01   3.0231658E-01   2.7278110E-01   1.5002807E-01   3.6391067E-02  -3.9516242E-02  -8.0569146E-02  -8.1416358E-02  -6.2431542E-02  -5.1522261E-02  -4.4877521E-02  -3.5383365E-02  -3.0800844E-02  -4.6529626E-03
 -4.4652826E-01   8.3983328E-02  -9.0310953E-03  -9.6191880E-02   4.0524762E-01   6.3440324E-01   1.0000000E+00   4.6096200E-01  -1.9845427E-01  -5.9891985E-01  -5.9049228E-01  -2.7567995E-01   5.5334799E-02   2.3546622E-01   2.6179822E-01   2.0468927E-01   1.1016470E-01   1.4014861E-02  -5.4637945E-02  -8.9520254E-02  -9.4978154E-02  -7.9701338E-02  -5.7192655E-02  -4.5909949E-02  -9.1479060E-03
  2.6957883E-02   6.5931763E-02   1.1332337E-02  -1.0478637E-01  -4.4156219E-01  -2.9121079E-01   4.6096200E-01   1.0000000E+00   7.0496512E-01   7.0646129E-02  -5.2245610E-01  -6.5610268E-01  -4.3621140E-01  -1.1346460E-01   1.4617206E-01   2.7159147E-01   2.7007513E-01   1.8741757E-01   6.4734873E-02  -4.8263828E-02  -9.9829790E-02  -9.9851661E-02  -8.4668412E-02  -7.6410910E-02   1.1316710E-02
  2.6782578E-01   6.1188391E-02   2.8110218E-02  -5.8552420E-02  -6.4061073E-01  -6.4665755E-01  -1.9845427E-01   7.0496512E-01   1.0000000E+00   7.0207238E-01  -3.5798575E-02  -5.6343957E-01  -6.5147050E-01  -4.2534160E-01  -9.6048293E-02   1.5979681E-01   2.7720906E-01   2.6584546E-01   1.5547649E-01   9.9577433E-03  -7.8333151E-02  -1.0014061E-01  -9.8405009E-02  -9.4643740E-02   2.8138881E-02
  3.2714329E-01   8.4305419E-02   4.6488365E-02  -1.9602624E-02  -4.6799484E-01  -5.8007560E-01  -5.9891985E-01   7.0646129E-02   7.0207238E-01   1.0000000E+00   6.2539426E-01  -6.8914599E-02  -5.3832664E-01  -6.1131150E-01  -3.8765477E-01  -7.7933083E-02   1.6054164E-01   2.5281039E-01   1.9899553E-01   6.2072413E-02  -4.8380465E-02  -9.5021390E-02  -1.1148178E-01  -1.1325003E-01   4.6526445E-02
  2.4232807E-01   1.1454397E-01   5.5382879E-02  -1.8123911E-02  -8.0760690E-02  -2.1022317E-01  -5.9049228E-01  -5.2245610E-01  -3.5798575E-02   6.2539426E-01   1.0000000E+00   6.7405273E-01   4.1020085E-02  -4.2649984E-01  -5.4423056E-01  -3.9031454E-01  -1.3712393E-01   5.9510249E-02   1.3097223E-01   9.0239383E-02   5.0639511E-03  -5.8622816E-02  -9.4786318E-02  -1.0477097E-01   5.5378769E-02
  1.1264005E-01   1.3748056E-01   5.7863798E-02  -4.0779619E-02   2.1769919E-01   1.4360936E-01  -2.7567995E-01  -6.5610268E-01  -5.6343957E-01  -6.8914599E-02   6.7405273E-01   1.0000000E+00   7.1198007E-01   1.3167207E-01  -3.3512183E-01  -5.0808294E-01  -4.3435938E-01  -2.5645921E-01  -9.0066724E-02   1.1120038E-02   2.2356046E-02  -6.9261661E-03  -3.3233782E-02  -4.2373773E-02   5.7934040E-02
  5.6947298E-02   1.8369214E-01   4.7837332E-02  -7.0740533E-02   3.0654704E-01   3.0231658E-01   5.5334799E-02  -4.3621140E-01  -6.5147050E-01  -5.3832664E-01   4.1020085E-02   7.1198007E-01   1.0000000E+00   7.3712014E-01   1.8374862E-01  -2.9396383E-01  -5.2221164E-01  -5.1705763E-01  -3.7612595E-01  -1.8901398E-01  -6.0683469E-02  -1.1287628E-02   2.2831769E-03   4.4848720E-03   4.7966819E-02
  1.1131752E-01   2.6991618E-01   4.3644869E-02  -9.8215215E-02   2.3171029E-01   2.7278110E-01   2.3546622E-01  -1.1346460E-01  -4.2534160E-01  -6.1131150E-01  -4.2649984E-01   1.3167207E-01   7.3712014E-01   1.0000000E+00   7.4924910E-01   2.1055465E-01  -2.8549216E-01  -5.5349036E-01  -5.8167874E-01  -4.3682865E-01  -2.4675906E-01  -1.1818809E-01  -5.2002975E-02  -3.1092974E-02   4.3753204E-02
  2.2602525E-01   3.7726538E-01   5.0999486E-02  -1.1338163E-01   9.5593470E-02   1.5002807E-01   2.6179822E-01   1.4617206E-01  -9.6048293E-02  -3.8765477E-01  -5.4423056E-01  -3.3512183E-01   1.8374862E-01   7.4924910E-01   1.0000000E+00   7.6042026E-01   2.2069766E-01  -2.9537863E-01  -5.9381127E-01  -6.3400431E-01  -4.8049038E-01  -3.0724734E-01  -1.9611982E-01  -1.5646106E-01   5.1021302E-02
  3.1526043E-01   4.5300413E-01   5.6841961E-02  -1.0156651E-01  -9.2227608E-03   3.6391067E-02   2.0468927E-01   2.7159147E-01   1.5979681E-01  -7.7933083E-02  -3.9031454E-01  -5.0808294E-01  -2.9396383E-01   2.1055465E-01   7.6042026E-01   1.0000000E+00   7.5749429E-01   2.1421202E-01  -3.1786207E-01  -6.3976938E-01  -6.5273613E-01  -5.1599442E-01  -3.9602421E-01  -3.4699073E-01   5.6746940E-02
  3.1217245E-01   4.1710963E-01   5.0584713E-02  -8.4856123E-02  -6.1783819E-02  -3.9516242E-02   1.1016470E-01   2.7007513E-01   2.7720906E-01   1.6054164E-01  -1.3712393E-01  -4.3435938E-01  -5.2221164E-01  -2.8549216E-01   2.2069766E-01   7.5749429E-01   1.0000000E+00   7.6234034E-01   2.1228045E-01  -3.5561682E-01  -6.3091555E-01  -6.3274110E-01  -5.5911129E-01  -5.1636439E-01   5.0449739E-02
  1.6417461E-01   1.9446148E-01   4.1101432E-02  -7.7051443E-02  -7.9592828E-02  -8.0569146E-02   1.4014861E-02   1.8741757E-01   2.6584546E-01   2.5281039E-01   5.9510249E-02  -2.5645921E-01  -5.1705763E-01  -5.5349036E-01  -2.9537863E-01   2.1421202E-01   7.6234034E-01   1.0000000E+00   7.5913956E-01   1.8318374E-01  -3.1506979E-01  -5.1615577E-01  -5.4346197E-01  -5.2930534E-01   4.1025311E-02
 -1.1546468E-01  -1.8727422E-01   2.3855151E-02  -6.2045586E-02  -6.6110392E-02  -8.1416358E-02  -5.4637945E-02   6.4734873E-02   1.5547649E-01   1.9899553E-01   1.3097223E-01  -9.0066724E-02  -3.7612595E-01  -5.8167874E-01  -5.9381127E-01  -3.1786207E-01   2.1228045E-01   7.5913956E-01   1.0000000E+00   7.4590136E-01   2.3252505E-01  -1.2798602E-01  -2.7761535E-01  -3.1005931E-01   2.3872517E-02
 -4.3076129E-01  -6.0690199E-01   3.7768414E-03  -4.4451596E-02  -4.4284010E-02  -6.2431542E-02  -8.9520254E-02  -4.8263828E-02   9.9577433E-03   6.2072413E-02   9.0239383E-02   1.1120038E-02  -1.8901398E-01  -4.3682865E-01  -6.3400431E-01  -6.3976938E-01  -3.5561682E-01   1.8318374E-01   7.4590136E-01   1.0000000E+00   7.8941872E-01   4.4379697E-01   2.2060430E-01   1.4465310E-01   3.8103037E-03
 -6.1221946E-01  -8.4880900E-01  -1.4443909E-03  -2.7100196E-02  -3.8452594E-02  -5.1522261E-02  -9.4978154E-02  -9.9829790E-02  -7.8333151E-02  -4.8380465E-02   5.0639511E-03   2.2356046E-02  -6.0683469E-02  -2.4675906E-01  -4.8049038E-01  -6.5273613E-01  -6.3091555E-01  -3.1506979E-01   2.3252505E-01   7.8941872E-01   1.0000000E+00   8.7905196E-01   7.0254562E-01   6.1848183E-01  -1.4830244E-03
 -6.2781347E-01  -8.6871334E-01   1.1247777E-02  -1.8268911E-02  -3.9389277E-02  -4.4877521E-02  -7.9701338E-02  -9.9851661E-02  -1.0014061E-01  -9.5021390E-02  -5.8622816E-02  -6.9261661E-03  -1.1287628E-02  -1.1818809E-01  -3.0724734E-01  -5.1599442E-01  -6.3274110E-01  -5.1615577E-01  -1.2798602E-01   4.4379697E-01   8.7905196E-01   1.0000000E+00   9.4729912E-01   8.9288263E-01   1.1151907E-02
 -5.7902450E-01  -7.9992933E-01   2.0350093E-02  -1.3541131E-02  -3.6347150E-02  -3.5383365E-02  -5.7192655E-02  -8.4668412E-02  -9.8405009E-02  -1.1148178E-01  -9.4786318E-02  -3.3233782E-02   2.2831769E-03  -5.2002975E-02  -1.9611982E-01  -3.9602421E-01  -5.5911129E-01  -5.4346197E-01  -2.7761535E-01   2.2060430E-01   7.0254562E-01   9.4729912E-01   1.0000000E+00   9.8716069E-01   2.0257947E-02
 -5.4418266E-01  -7.5215587E-01   2.5845839E-02  -1.3836363E-02  -3.4750310E-02  -3.0800844E-02  -4.5909949E-02  -7.6410910E-02  -9.4643740E-02  -1.1325003E-01  -1.0477097E-01  -4.2373773E-02   4.4848720E-03  -3.1092974E-02  -1.5646106E-01  -3.4699073E-01  -5.1636439E-01  -5.2930534E-01  -3.1005931E-01   1.4465310E-01   6.1848183E-01   8.9288263E-01   9.8716069E-01   1.0000000E+00   2.5780238E-02
  1.2145089E-01   1.5575798E-01   9.9998205E-01  -3.9734311E-01   2.9217197E-03  -4.6529626E-03  -9.1479060E-03   1.1316710E-02   2.8138881E-02   4.6526445E-02   5.5378769E-02   5.7934040E-02   4.7966819E-02   4.3753204E-02   5.1021302E-02   5.6746940E-02   5.0449739E-02   4.1025311E-02   2.3872517E-02   3.8103037E-03  -1.4830244E-03   1.1151907E-02   2.0257947E-02   2.5780238E-02   1.0000000E+00
