# H0 MB omegabh2 omegach2 DDE_w0 DDE_w1 DDE_w2 DDE_w3 DDE_w4 DDE_w5 DDE_w6 DDE_w7 DDE_w8 DDE_w9 DDE_w10 DDE_w11 DDE_w12 DDE_w13 DDE_w14 DDE_w15 DDE_w16 DDE_w17 DDE_w18 DDE_w19
  6.2303205E-01   1.0418380E-02   1.0335826E-05  -5.6020210E-05  -9.2932490E-02  -7.5607584E-02  -3.8340572E-02   1.9596334E-03   2.8487923E-02   3.3487532E-02   2.3831980E-02   1.0823264E-02   6.0620484E-03   1.5165580E-02   3.1850685E-02   4.5456546E-02   4.5969614E-02   2.4242669E-02  -2.0950096E-02  -7.8544243E-02  -1.3750299E-01  -1.8563931E-01  -2.1359954E-01  -2.2146385E-01
  1.0418380E-02   3.4401571E-04   3.5611191E-07  -1.8611617E-06   3.2348840E-04   2.6537483E-04   1.8448692E-04   1.4813174E-04   1.4999416E-04   1.7655512E-04   2.2911369E-04   3.2046877E-04   5.0422081E-04   8.1769430E-04   1.2006012E-03   1.4960216E-03   1.4198718E-03   6.8292497E-04  -7.3849050E-04  -2.5398170E-03  -4.4263874E-03  -6.0172080E-03  -6.9555202E-03  -7.2319758E-03
  1.0335826E-05   3.5611191E-07   1.6136702E-08  -4.5394243E-08   5.0866044E-07   2.5639992E-07   2.4973635E-08   1.6158051E-07   5.0377179E-07   8.0023245E-07   8.5797132E-07   9.2815462E-07   7.7429069E-07   6.9897955E-07   9.7700863E-07   1.2585962E-06   1.1453491E-06   9.2070484E-07   5.6791838E-07   3.4332925E-07   3.7673581E-07   9.0814443E-07   1.6677020E-06   2.2372151E-06
 -5.6020210E-05  -1.8611617E-06  -4.5394243E-08   8.2032716E-07   1.0857630E-06  -2.8692169E-06  -7.2822392E-06  -9.5252245E-06  -7.2552483E-06  -3.8221751E-06  -4.1125788E-06  -6.7155289E-06  -1.0113769E-05  -1.2748299E-05  -1.3848623E-05  -1.2425865E-05  -1.0568597E-05  -1.1448200E-05  -1.2022209E-05  -1.2846204E-05  -1.3035623E-05  -1.3544304E-05  -1.4829637E-05  -1.6267273E-05
 -9.2932490E-02   3.2348840E-04   5.0866044E-07   1.0857630E-06   5.1400035E-02   3.6605972E-02   1.0223555E-02  -1.1443648E-02  -1.9448672E-02  -1.3949388E-02  -2.5059750E-03   7.1189129E-03   1.0625197E-02   8.1294892E-03   3.2169467E-03  -5.9171930E-04  -2.4742554E-03  -3.1250376E-03  -2.6158887E-03  -1.8562412E-03  -2.1815577E-03  -3.5222472E-03  -4.6274947E-03  -5.1150243E-03
 -7.5607584E-02   2.6537483E-04   2.5639992E-07  -2.8692169E-06   3.6605972E-02   2.8996585E-02   1.1898188E-02  -5.5736976E-03  -1.4706960E-02  -1.2913922E-02  -4.7444638E-03   3.5878413E-03   7.8965258E-03   7.2414508E-03   3.9241047E-03   7.9269752E-04  -1.3205370E-03  -2.4747172E-03  -2.4588122E-03  -1.9495520E-03  -2.1383932E-03  -3.0087203E-03  -3.6006702E-03  -3.8012462E-03
 -3.8340572E-02   1.8448692E-04   2.4973635E-08  -7.2822392E-06   1.0223555E-02   1.1898188E-02   1.1840416E-02   5.9098390E-03  -2.8750185E-03  -8.4038391E-03  -8.3269194E-03  -4.1357862E-03   9.7382476E-04   4.0019651E-03   4.5171773E-03   3.5657989E-03   1.8752734E-03   1.8179959E-04  -1.0525927E-03  -1.8761770E-03  -2.6718703E-03  -3.2887725E-03  -3.2796010E-03  -3.1145473E-03
  1.9596334E-03   1.4813174E-04   1.6158051E-07  -9.5252245E-06  -1.1443648E-02  -5.5736976E-03   5.9098390E-03   1.3696476E-02   1.1053577E-02   1.1345216E-03  -7.9591926E-03  -1.0951589E-02  -7.8166756E-03  -2.1468649E-03   2.8609233E-03   5.4963172E-03   5.5614205E-03   4.0390759E-03   1.4931554E-03  -1.3033846E-03  -3.4251164E-03  -4.4756055E-03  -4.5029891E-03  -4.3091435E-03
  2.8487923E-02   1.4999416E-04   5.0377179E-07  -7.2552483E-06  -1.9448672E-02  -1.4706960E-02  -2.8750185E-03   1.1053577E-02   1.7918714E-02   1.2108565E-02  -7.7366868E-04  -1.0958034E-02  -1.3389992E-02  -8.9957434E-03  -1.8102396E-03   4.0138995E-03   6.8286676E-03   6.8274560E-03   4.1356045E-03   2.0996490E-06  -3.3605850E-03  -5.1646140E-03  -5.7735749E-03  -5.7979619E-03
  3.3487532E-02   1.7655512E-04   8.0023245E-07  -3.8221751E-06  -1.3949388E-02  -1.2913922E-02  -8.4038391E-03   1.1345216E-03   1.2108565E-02   1.6389957E-02   1.0103845E-02  -1.5935229E-03  -1.0558358E-02  -1.2305344E-02  -7.8719268E-03  -1.4385007E-03   3.9357810E-03   6.3954125E-03   5.1897583E-03   1.5738718E-03  -1.9745835E-03  -4.4027911E-03  -6.0225738E-03  -6.5798454E-03
  2.3831980E-02   2.2911369E-04   8.5797132E-07  -4.1125788E-06  -2.5059750E-03  -4.7444638E-03  -8.3269194E-03  -7.9591926E-03  -7.7366868E-04   1.0103845E-02   1.6596503E-02   1.2412309E-02   1.1003929E-03  -8.5143032E-03  -1.1596276E-02  -8.8687604E-03  -3.2469766E-03   1.5572324E-03   3.5028310E-03   2.7272109E-03   4.4760864E-04  -2.2763289E-03  -5.0278491E-03  -6.3321504E-03
  1.0823264E-02   3.2046877E-04   9.2815462E-07  -6.7155289E-06   7.1189129E-03   3.5878413E-03  -4.1357862E-03  -1.0951589E-02  -1.0958034E-02  -1.5935229E-03   1.2412309E-02   2.0468255E-02   1.5722362E-02   3.1161032E-03  -8.1289713E-03  -1.2862768E-02  -1.1349145E-02  -7.0538969E-03  -2.5763372E-03   6.2904790E-04   1.3997649E-03   2.4402694E-04  -1.7538596E-03  -2.8761496E-03
  6.0620484E-03   5.0422081E-04   7.7429069E-07  -1.0113769E-05   1.0625197E-02   7.8965258E-03   9.7382476E-04  -7.8166756E-03  -1.3389992E-02  -1.0558358E-02   1.1003929E-03   1.5722362E-02   2.3127089E-02   1.7627082E-02   4.1617737E-03  -8.0682585E-03  -1.4467843E-02  -1.5108843E-02  -1.1511452E-02  -6.1000549E-03  -2.2065811E-03  -4.6649811E-04   3.5266782E-05   2.3724831E-05
  1.5165580E-02   8.1769430E-04   6.9897955E-07  -1.2748299E-05   8.1294892E-03   7.2414508E-03   4.0019651E-03  -2.1468649E-03  -8.9957434E-03  -1.2305344E-02  -8.5143032E-03   3.1161032E-03   1.7627082E-02   2.5209994E-02   1.9683196E-02   5.9078811E-03  -8.2319679E-03  -1.7133216E-02  -1.8949835E-02  -1.5507609E-02  -1.1040914E-02  -7.4349363E-03  -4.5956822E-03  -3.4004042E-03
  3.1850685E-02   1.2006012E-03   9.7700863E-07  -1.3848623E-05   3.2169467E-03   3.9241047E-03   4.5171773E-03   2.8609233E-03  -1.8102396E-03  -7.8719268E-03  -1.1596276E-02  -8.1289713E-03   4.1617737E-03   1.9683196E-02   2.7854019E-02   2.2472297E-02   6.8649748E-03  -9.6296819E-03  -2.0248454E-02  -2.3654573E-02  -2.2637575E-02  -1.9793798E-02  -1.6375163E-02  -1.4696390E-02
  4.5456546E-02   1.4960216E-03   1.2585962E-06  -1.2425865E-05  -5.9171930E-04   7.9269752E-04   3.5657989E-03   5.4963172E-03   4.0138995E-03  -1.4385007E-03  -8.8687604E-03  -1.2862768E-02  -8.0682585E-03   5.9078811E-03   2.2472297E-02   3.0836043E-02   2.4080446E-02   6.7981589E-03  -1.1774488E-02  -2.5276070E-02  -3.2082949E-02  -3.3823131E-02  -3.2722818E-02  -3.1760171E-02
  4.5969614E-02   1.4198718E-03   1.1453491E-06  -1.0568597E-05  -2.4742554E-03  -1.3205370E-03   1.8752734E-03   5.5614205E-03   6.8286676E-03   3.9357810E-03  -3.2469766E-03  -1.1349145E-02  -1.4467843E-02  -8.2319679E-03   6.8649748E-03   2.4080446E-02   3.2957116E-02   2.6402172E-02   7.3459467E-03  -1.4846486E-02  -3.2231053E-02  -4.2698345E-02  -4.7256688E-02  -4.8184291E-02
  2.4242669E-02   6.8292497E-04   9.2070484E-07  -1.1448200E-05  -3.1250376E-03  -2.4747172E-03   1.8179959E-04   4.0390759E-03   6.8274560E-03   6.3954125E-03   1.5572324E-03  -7.0538969E-03  -1.5108843E-02  -1.7133216E-02  -9.6296819E-03   6.7981589E-03   2.6402172E-02   3.7178711E-02   2.9777571E-02   7.9592918E-03  -1.6828302E-02  -3.6672947E-02  -4.8473483E-02  -5.2105657E-02
 -2.0950096E-02  -7.3849050E-04   5.6791838E-07  -1.2022209E-05  -2.6158887E-03  -2.4588122E-03  -1.0525927E-03   1.4931554E-03   4.1356045E-03   5.1897583E-03   3.5028310E-03  -2.5763372E-03  -1.1511452E-02  -1.8949835E-02  -2.0248454E-02  -1.1774488E-02   7.3459467E-03   2.9777571E-02   4.1582612E-02   3.4263795E-02   1.3737678E-02  -8.9561148E-03  -2.5506823E-02  -3.1554049E-02
 -7.8544243E-02  -2.5398170E-03   3.4332925E-07  -1.2846204E-05  -1.8562412E-03  -1.9495520E-03  -1.8761770E-03  -1.3033846E-03   2.0996490E-06   1.5738718E-03   2.7272109E-03   6.2904790E-04  -6.1000549E-03  -1.5507609E-02  -2.3654573E-02  -2.5276070E-02  -1.4846486E-02   7.9592918E-03   3.4263795E-02   5.0344388E-02   4.9885624E-02   3.7685639E-02   2.3941730E-02   1.7677447E-02
 -1.3750299E-01  -4.4263874E-03   3.7673581E-07  -1.3035623E-05  -2.1815577E-03  -2.1383932E-03  -2.6718703E-03  -3.4251164E-03  -3.3605850E-03  -1.9745835E-03   4.4760864E-04   1.3997649E-03  -2.2065811E-03  -1.1040914E-02  -2.2637575E-02  -3.2082949E-02  -3.2231053E-02  -1.6828302E-02   1.3737678E-02   4.9885624E-02   7.8982846E-02   9.2512063E-02   9.2989988E-02   9.0550297E-02
 -1.8563931E-01  -6.0172080E-03   9.0814443E-07  -1.3544304E-05  -3.5222472E-03  -3.0087203E-03  -3.2887725E-03  -4.4756055E-03  -5.1646140E-03  -4.4027911E-03  -2.2763289E-03   2.4402694E-04  -4.6649811E-04  -7.4349363E-03  -1.9793798E-02  -3.3823131E-02  -4.2698345E-02  -3.6672947E-02  -8.9561148E-03   3.7685639E-02   9.2512063E-02   1.3955298E-01   1.6584542E-01   1.7276894E-01
 -2.1359954E-01  -6.9555202E-03   1.6677020E-06  -1.4829637E-05  -4.6274947E-03  -3.6006702E-03  -3.2796010E-03  -4.5029891E-03  -5.7735749E-03  -6.0225738E-03  -5.0278491E-03  -1.7538596E-03   3.5266782E-05  -4.5956822E-03  -1.6375163E-02  -3.2722818E-02  -4.7256688E-02  -4.8473483E-02  -2.5506823E-02   2.3941730E-02   9.2989988E-02   1.6584542E-01   2.1964622E-01   2.3974327E-01
 -2.2146385E-01  -7.2319758E-03   2.2372151E-06  -1.6267273E-05  -5.1150243E-03  -3.8012462E-03  -3.1145473E-03  -4.3091435E-03  -5.7979619E-03  -6.5798454E-03  -6.3321504E-03  -2.8761496E-03   2.3724831E-05  -3.4004042E-03  -1.4696390E-02  -3.1760171E-02  -4.8184291E-02  -5.2105657E-02  -3.1554049E-02   1.7677447E-02   9.0550297E-02   1.7276894E-01   2.3974327E-01   2.6864199E-01
