  1.0000000E+00   7.1163263E-01   1.0308195E-01  -7.8360282E-02  -5.1931477E-01  -5.6251841E-01  -4.4639560E-01   2.1213641E-02   2.6962004E-01   3.3138973E-01   2.3436710E-01   9.5843497E-02   5.0501435E-02   1.2100894E-01   2.4177960E-01   3.2795323E-01   3.2080495E-01   1.5928617E-01  -1.3015922E-01  -4.4348979E-01  -6.1985564E-01  -6.2957169E-01  -5.7740860E-01  -5.4132827E-01   1.0322381E-01
  7.1163263E-01   1.0000000E+00   1.5114367E-01  -1.1079022E-01   7.6928607E-02   8.4022804E-02   9.1409842E-02   6.8242445E-02   6.0413193E-02   7.4353646E-02   9.5885648E-02   1.2076919E-01   1.7876033E-01   2.7766137E-01   3.8785169E-01   4.5932429E-01   4.2168232E-01   1.9095749E-01  -1.9525398E-01  -6.1029211E-01  -8.4916853E-01  -8.6843302E-01  -8.0016326E-01  -7.5228237E-01   1.5119344E-01
  1.0308195E-01   1.5114367E-01   1.0000000E+00  -3.9454800E-01   1.7661959E-02   1.1853240E-02   1.8067202E-03   1.0868689E-02   2.9626002E-02   4.9206205E-02   5.2427251E-02   5.1070786E-02   4.0080780E-02   3.4655384E-02   4.6083672E-02   5.6422158E-02   4.9665622E-02   3.7589442E-02   2.1924145E-02   1.2045585E-02   1.0552689E-02   1.9137182E-02   2.8012328E-02   3.3979220E-02   9.9998214E-01
 -7.8360282E-02  -1.1079022E-01  -3.9454800E-01   1.0000000E+00   5.2876143E-03  -1.8603575E-02  -7.3890382E-02  -8.9862244E-02  -5.9841891E-02  -3.2963106E-02  -3.5246207E-02  -5.1825830E-02  -7.3427546E-02  -8.8648691E-02  -9.1615532E-02  -7.8127471E-02  -6.4276054E-02  -6.5553592E-02  -6.5093085E-02  -6.3212901E-02  -5.1212012E-02  -4.0030736E-02  -3.4936154E-02  -3.4652476E-02  -3.9447069E-01
 -5.1931477E-01   7.6928607E-02   1.7661959E-02   5.2876143E-03   1.0000000E+00   9.4819316E-01   4.1441622E-01  -4.3129893E-01  -6.4084769E-01  -4.8060085E-01  -8.5799890E-02   2.1947829E-01   3.0817315E-01   2.2583705E-01   8.5019437E-02  -1.4862939E-02  -6.0115743E-02  -7.1486885E-02  -5.6582441E-02  -3.6490278E-02  -3.4238806E-02  -4.1588051E-02  -4.3551423E-02  -4.3529036E-02   1.7561769E-02
 -5.6251841E-01   8.4022804E-02   1.1853240E-02  -1.8603575E-02   9.4819316E-01   1.0000000E+00   6.4213144E-01  -2.7968267E-01  -6.4520253E-01  -5.9237377E-01  -2.1627455E-01   1.4727173E-01   3.0493140E-01   2.6783405E-01   1.3807760E-01   2.6509696E-02  -4.2717177E-02  -7.5371124E-02  -7.0810237E-02  -5.1025334E-02  -4.4683558E-02  -4.7297570E-02  -4.5117814E-02  -4.3069083E-02   1.1713760E-02
 -4.4639560E-01   9.1409842E-02   1.8067202E-03  -7.3890382E-02   4.1441622E-01   6.4213144E-01   1.0000000E+00   4.6407455E-01  -1.9738027E-01  -6.0326113E-01  -5.9400839E-01  -2.6566490E-01   5.8848696E-02   2.3163461E-01   2.4873662E-01   1.8661392E-01   9.4930662E-02   8.6648741E-03  -4.7437413E-02  -7.6844852E-02  -8.7370636E-02  -8.0906012E-02  -6.4309578E-02  -5.5223574E-02   1.6830370E-03
  2.1213641E-02   6.8242445E-02   1.0868689E-02  -8.9862244E-02  -4.3129893E-01  -2.7968267E-01   4.6407455E-01   1.0000000E+00   7.0557794E-01   7.5721545E-02  -5.2790563E-01  -6.5408219E-01  -4.3919479E-01  -1.1553510E-01   1.4647310E-01   2.6744719E-01   2.6176207E-01   1.7899069E-01   6.2566908E-02  -4.9635526E-02  -1.0413687E-01  -1.0237121E-01  -8.2098383E-02  -7.1039450E-02   1.0867883E-02
  2.6962004E-01   6.0413193E-02   2.9626002E-02  -5.9841891E-02  -6.4084769E-01  -6.4520253E-01  -1.9738027E-01   7.0557794E-01   1.0000000E+00   7.0656212E-01  -4.4863515E-02  -5.7218811E-01  -6.5775841E-01  -4.2325029E-01  -8.1028669E-02   1.7075906E-01   2.8100106E-01   2.6451989E-01   1.5150595E-01   6.9906531E-05  -8.9329535E-02  -1.0327968E-01  -9.2030020E-02  -8.3567034E-02   2.9681119E-02
  3.3138973E-01   7.4353646E-02   4.9206205E-02  -3.2963106E-02  -4.8060085E-01  -5.9237377E-01  -6.0326113E-01   7.5721545E-02   7.0656212E-01   1.0000000E+00   6.1261761E-01  -8.7001954E-02  -5.4230922E-01  -6.0536665E-01  -3.6842425E-01  -6.3987017E-02   1.6934307E-01   2.5907917E-01   1.9879358E-01   5.4790455E-02  -5.4880771E-02  -9.2059714E-02  -1.0037634E-01  -9.9160760E-02   4.9268641E-02
  2.3436710E-01   9.5885648E-02   5.2427251E-02  -3.5246207E-02  -8.5799890E-02  -2.1627455E-01  -5.9400839E-01  -5.2790563E-01  -4.4863515E-02   6.1261761E-01   1.0000000E+00   6.7344769E-01   5.6166710E-02  -4.1625019E-01  -5.3934456E-01  -3.9203541E-01  -1.3883413E-01   6.2689956E-02   1.3333833E-01   9.4348478E-02   1.2362997E-02  -4.7299565E-02  -8.3274506E-02  -9.4832232E-02   5.2454944E-02
  9.5843497E-02   1.2076919E-01   5.1070786E-02  -5.1825830E-02   2.1947829E-01   1.4727173E-01  -2.6566490E-01  -6.5408219E-01  -5.7218811E-01  -8.7001954E-02   6.7344769E-01   1.0000000E+00   7.2263152E-01   1.3717818E-01  -3.4044836E-01  -5.1199379E-01  -4.3696649E-01  -2.5570636E-01  -8.8309296E-02   1.9596016E-02   3.4813550E-02   4.5659148E-03  -2.6157277E-02  -3.8786815E-02   5.1176456E-02
  5.0501435E-02   1.7876033E-01   4.0080780E-02  -7.3427546E-02   3.0817315E-01   3.0493140E-01   5.8848696E-02  -4.3919479E-01  -6.5775841E-01  -5.4230922E-01   5.6166710E-02   7.2263152E-01   1.0000000E+00   7.3001798E-01   1.6397364E-01  -3.0212732E-01  -5.2404514E-01  -5.1525660E-01  -3.7120492E-01  -1.7877127E-01  -5.1628918E-02  -8.2114498E-03   4.9481571E-04   3.0099252E-04   4.0202081E-02
  1.2100894E-01   2.7766137E-01   3.4655384E-02  -8.8648691E-02   2.2583705E-01   2.6783405E-01   2.3163461E-01  -1.1553510E-01  -4.2325029E-01  -6.0536665E-01  -4.1625019E-01   1.3717818E-01   7.3001798E-01   1.0000000E+00   7.4278874E-01   2.1189273E-01  -2.8558981E-01  -5.5963563E-01  -5.8527931E-01  -4.3529426E-01  -2.4742994E-01  -1.2534913E-01  -6.1759212E-02  -4.1319706E-02   3.4692317E-02
  2.4177960E-01   3.8785169E-01   4.6083672E-02  -9.1615532E-02   8.5019437E-02   1.3807760E-01   2.4873662E-01   1.4647310E-01  -8.1028669E-02  -3.6842425E-01  -5.3934456E-01  -3.4044836E-01   1.6397364E-01   7.4278874E-01   1.0000000E+00   7.6678608E-01   2.2657939E-01  -2.9924083E-01  -5.9496586E-01  -6.3167785E-01  -4.8263585E-01  -3.1747947E-01  -2.0935330E-01  -1.6989468E-01   4.6015728E-02
  3.2795323E-01   4.5932429E-01   5.6422158E-02  -7.8127471E-02  -1.4862939E-02   2.6509696E-02   1.8661392E-01   2.6744719E-01   1.7075906E-01  -6.3987017E-02  -3.9203541E-01  -5.1199379E-01  -3.0212732E-01   2.1189273E-01   7.6678608E-01   1.0000000E+00   7.5537152E-01   2.0077740E-01  -3.2881895E-01  -6.4151186E-01  -6.5009760E-01  -5.1560239E-01  -3.9761201E-01  -3.4895270E-01   5.6274739E-02
  3.2080495E-01   4.2168232E-01   4.9665622E-02  -6.4276054E-02  -6.0115743E-02  -4.2717177E-02   9.4930662E-02   2.6176207E-01   2.8100106E-01   1.6934307E-01  -1.3883413E-01  -4.3696649E-01  -5.2404514E-01  -2.8558981E-01   2.2657939E-01   7.5537152E-01   1.0000000E+00   7.5425448E-01   1.9843455E-01  -3.6447987E-01  -6.3173291E-01  -6.2960314E-01  -5.5542678E-01  -5.1208720E-01   4.9492830E-02
  1.5928617E-01   1.9095749E-01   3.7589442E-02  -6.5553592E-02  -7.1486885E-02  -7.5371124E-02   8.6648741E-03   1.7899069E-01   2.6451989E-01   2.5907917E-01   6.2689956E-02  -2.5570636E-01  -5.1525660E-01  -5.5963563E-01  -2.9924083E-01   2.0077740E-01   7.5425448E-01   1.0000000E+00   7.5733186E-01   1.8397200E-01  -3.1054658E-01  -5.0913047E-01  -5.3640793E-01  -5.2137567E-01   3.7466552E-02
 -1.3015922E-01  -1.9525398E-01   2.1924145E-02  -6.5093085E-02  -5.6582441E-02  -7.0810237E-02  -4.7437413E-02   6.2566908E-02   1.5150595E-01   1.9879358E-01   1.3333833E-01  -8.8309296E-02  -3.7120492E-01  -5.8527931E-01  -5.9496586E-01  -3.2881895E-01   1.9843455E-01   7.5733186E-01   1.0000000E+00   7.4886588E-01   2.3971270E-01  -1.1756938E-01  -2.6689388E-01  -2.9854669E-01   2.1901365E-02
 -4.4348979E-01  -6.1029211E-01   1.2045585E-02  -6.3212901E-02  -3.6490278E-02  -5.1025334E-02  -7.6844852E-02  -4.9635526E-02   6.9906531E-05   5.4790455E-02   9.4348478E-02   1.9596016E-02  -1.7877127E-01  -4.3529426E-01  -6.3167785E-01  -6.4151186E-01  -3.6447987E-01   1.8397200E-01   7.4886588E-01   1.0000000E+00   7.9110383E-01   4.4960465E-01   2.2767646E-01   1.5200471E-01   1.2073653E-02
 -6.1985564E-01  -8.4916853E-01   1.0552689E-02  -5.1212012E-02  -3.4238806E-02  -4.4683558E-02  -8.7370636E-02  -1.0413687E-01  -8.9329535E-02  -5.4880771E-02   1.2362997E-02   3.4813550E-02  -5.1628918E-02  -2.4742994E-01  -4.8263585E-01  -6.5009760E-01  -6.3173291E-01  -3.1054658E-01   2.3971270E-01   7.9110383E-01   1.0000000E+00   8.8117551E-01   7.0600525E-01   6.2163655E-01   1.0561352E-02
 -6.2957169E-01  -8.6843302E-01   1.9137182E-02  -4.0030736E-02  -4.1588051E-02  -4.7297570E-02  -8.0906012E-02  -1.0237121E-01  -1.0327968E-01  -9.2059714E-02  -4.7299565E-02   4.5659148E-03  -8.2114498E-03  -1.2534913E-01  -3.1747947E-01  -5.1560239E-01  -6.2960314E-01  -5.0913047E-01  -1.1756938E-01   4.4960465E-01   8.8117551E-01   1.0000000E+00   9.4726625E-01   8.9229644E-01   1.9123268E-02
 -5.7740860E-01  -8.0016326E-01   2.8012328E-02  -3.4936154E-02  -4.3551423E-02  -4.5117814E-02  -6.4309578E-02  -8.2098383E-02  -9.2030020E-02  -1.0037634E-01  -8.3274506E-02  -2.6157277E-02   4.9481571E-04  -6.1759212E-02  -2.0935330E-01  -3.9761201E-01  -5.5542678E-01  -5.3640793E-01  -2.6689388E-01   2.2767646E-01   7.0600525E-01   9.4726625E-01   1.0000000E+00   9.8695557E-01   2.8005028E-02
 -5.4132827E-01  -7.5228237E-01   3.3979220E-02  -3.4652476E-02  -4.3529036E-02  -4.3069083E-02  -5.5223574E-02  -7.1039450E-02  -8.3567034E-02  -9.9160760E-02  -9.4832232E-02  -3.8786815E-02   3.0099252E-04  -4.1319706E-02  -1.6989468E-01  -3.4895270E-01  -5.1208720E-01  -5.2137567E-01  -2.9854669E-01   1.5200471E-01   6.2163655E-01   8.9229644E-01   9.8695557E-01   1.0000000E+00   3.3989806E-02
  1.0322381E-01   1.5119344E-01   9.9998214E-01  -3.9447069E-01   1.7561769E-02   1.1713760E-02   1.6830370E-03   1.0867883E-02   2.9681119E-02   4.9268641E-02   5.2454944E-02   5.1176456E-02   4.0202081E-02   3.4692317E-02   4.6015728E-02   5.6274739E-02   4.9492830E-02   3.7466552E-02   2.1901365E-02   1.2073653E-02   1.0561352E-02   1.9123268E-02   2.8005028E-02   3.3989806E-02   1.0000000E+00
